# Shu-Osher shock tube problem
VARIABLES="x" "rho(1)" "u" "p" "rho" "gamma"
ZONE T="+0.178000000000000E+000"
 0.130208333333333E-002  0.385714294543640E+001  0.262936902739623E+001  0.103333297953509E+002  0.385714294543640E+001  0.140001346166790E+001
 0.390625000000000E-002  0.385714294489361E+001  0.262936902766876E+001  0.103333297933151E+002  0.385714294489361E+001  0.140001346166790E+001
 0.651041666666667E-002  0.385714294362442E+001  0.262936902830602E+001  0.103333297885548E+002  0.385714294362442E+001  0.140001346166790E+001
 0.911458333333333E-002  0.385714294139371E+001  0.262936902942605E+001  0.103333297801881E+002  0.385714294139371E+001  0.140001346166790E+001
 0.117187500000000E-001  0.385714293790147E+001  0.262936903117949E+001  0.103333297670900E+002  0.385714293790147E+001  0.140001346166790E+001
 0.143229166666667E-001  0.385714293276615E+001  0.262936903375792E+001  0.103333297478292E+002  0.385714293276615E+001  0.140001346166790E+001
 0.169270833333333E-001  0.385714292550421E+001  0.262936903740412E+001  0.103333297205922E+002  0.385714292550421E+001  0.140001346166790E+001
 0.195312500000000E-001  0.385714291550524E+001  0.262936904242457E+001  0.103333296830895E+002  0.385714291550524E+001  0.140001346166790E+001
 0.221354166666667E-001  0.385714290200167E+001  0.262936904920468E+001  0.103333296324423E+002  0.385714290200167E+001  0.140001346166790E+001
 0.247395833333333E-001  0.385714288403232E+001  0.262936905822704E+001  0.103333295650455E+002  0.385714288403232E+001  0.140001346166790E+001
 0.273437500000000E-001  0.385714286039877E+001  0.262936907009337E+001  0.103333294764043E+002  0.385714286039877E+001  0.140001346166790E+001
 0.299479166666667E-001  0.385714282961351E+001  0.262936908555056E+001  0.103333293609395E+002  0.385714282961351E+001  0.140001346166790E+001
 0.325520833333333E-001  0.385714278983873E+001  0.262936910552135E+001  0.103333292117582E+002  0.385714278983873E+001  0.140001346166790E+001
 0.351562500000000E-001  0.385714273881487E+001  0.262936913114028E+001  0.103333290203854E+002  0.385714273881487E+001  0.140001346166790E+001
 0.377604166666667E-001  0.385714267377760E+001  0.262936916379530E+001  0.103333287764533E+002  0.385714267377760E+001  0.140001346166790E+001
 0.403645833333333E-001  0.385714259136263E+001  0.262936920517562E+001  0.103333284673434E+002  0.385714259136263E+001  0.140001346166790E+001
 0.429687500000000E-001  0.385714248749743E+001  0.262936925732603E+001  0.103333280777813E+002  0.385714248749743E+001  0.140001346166790E+001
 0.455729166666667E-001  0.385714235727969E+001  0.262936932270797E+001  0.103333275893799E+002  0.385714235727969E+001  0.140001346166790E+001
 0.481770833333333E-001  0.385714219484250E+001  0.262936940426721E+001  0.103333269801346E+002  0.385714219484250E+001  0.140001346166790E+001
 0.507812500000000E-001  0.385714199320723E+001  0.262936950550769E+001  0.103333262238710E+002  0.385714199320723E+001  0.140001346166790E+001
 0.533854166666667E-001  0.385714174412576E+001  0.262936963057077E+001  0.103333252896532E+002  0.385714174412576E+001  0.140001346166790E+001
 0.559895833333333E-001  0.385714143791499E+001  0.262936978431831E+001  0.103333241411635E+002  0.385714143791499E+001  0.140001346166790E+001
 0.585937500000000E-001  0.385714106328803E+001  0.262936997241743E+001  0.103333227360685E+002  0.385714106328803E+001  0.140001346166790E+001
 0.611979166666667E-001  0.385714060718838E+001  0.262937020142377E+001  0.103333210253981E+002  0.385714060718838E+001  0.140001346166790E+001
 0.638020833333333E-001  0.385714005463553E+001  0.262937047885901E+001  0.103333189529656E+002  0.385714005463553E+001  0.140001346166790E+001
 0.664062500000000E-001  0.385713938859330E+001  0.262937081327697E+001  0.103333164548743E+002  0.385713938859330E+001  0.140001346166790E+001
 0.690104166666667E-001  0.385713858987522E+001  0.262937121431116E+001  0.103333134591627E+002  0.385713858987522E+001  0.140001346166790E+001
 0.716145833333333E-001  0.385713763710519E+001  0.262937169269447E+001  0.103333098856567E+002  0.385713763710519E+001  0.140001346166790E+001
 0.742187500000000E-001  0.385713650675567E+001  0.262937226024006E+001  0.103333056461131E+002  0.385713650675567E+001  0.140001346166790E+001
 0.768229166666667E-001  0.385713517329049E+001  0.262937292976962E+001  0.103333006447550E+002  0.385713517329049E+001  0.140001346166790E+001
 0.794270833333333E-001  0.385713360944458E+001  0.262937371497295E+001  0.103332947793212E+002  0.385713360944458E+001  0.140001346166790E+001
 0.820312500000000E-001  0.385713178667853E+001  0.262937463017971E+001  0.103332879427710E+002  0.385713178667853E+001  0.140001346166790E+001
 0.846354166666667E-001  0.385712967585188E+001  0.262937569002137E+001  0.103332800258098E+002  0.385712967585188E+001  0.140001346166790E+001
 0.872395833333333E-001  0.385712724816521E+001  0.262937690895823E+001  0.103332709204221E+002  0.385712724816521E+001  0.140001346166790E+001
 0.898437500000000E-001  0.385712447642703E+001  0.262937830064329E+001  0.103332605246236E+002  0.385712447642703E+001  0.140001346166790E+001
 0.924479166666667E-001  0.385712133670764E+001  0.262937987709187E+001  0.103332487486640E+002  0.385712133670764E+001  0.140001346166790E+001
 0.950520833333333E-001  0.385711781044716E+001  0.262938164762315E+001  0.103332355229336E+002  0.385711781044716E+001  0.140001346166790E+001
 0.976562500000000E-001  0.385711388708932E+001  0.262938361753783E+001  0.103332208078415E+002  0.385711388708932E+001  0.140001346166790E+001
 0.100260416666667E+000  0.385710956731569E+001  0.262938578649410E+001  0.103332046059463E+002  0.385710956731569E+001  0.140001346166790E+001
 0.102864583333333E+000  0.385710486695606E+001  0.262938814654434E+001  0.103331869766219E+002  0.385710486695606E+001  0.140001346166790E+001
 0.105468750000000E+000  0.385709982164932E+001  0.262939067979477E+001  0.103331680535386E+002  0.385709982164932E+001  0.140001346166790E+001
 0.108072916666667E+000  0.385709449232498E+001  0.262939335565316E+001  0.103331480652226E+002  0.385709449232498E+001  0.140001346166790E+001
 0.110677083333333E+000  0.385708897156756E+001  0.262939612763319E+001  0.103331273589250E+002  0.385708897156756E+001  0.140001346166790E+001
 0.113281250000000E+000  0.385708339091369E+001  0.262939892969042E+001  0.103331064279910E+002  0.385708339091369E+001  0.140001346166790E+001
 0.115885416666667E+000  0.385707792911492E+001  0.262940167207339E+001  0.103330859428498E+002  0.385707792911492E+001  0.140001346166790E+001
 0.118489583333333E+000  0.385707282137644E+001  0.262940423668463E+001  0.103330667856653E+002  0.385707282137644E+001  0.140001346166790E+001
 0.121093750000000E+000  0.385706836955350E+001  0.262940647196082E+001  0.103330500885796E+002  0.385706836955350E+001  0.140001346166790E+001
 0.123697916666667E+000  0.385706495325215E+001  0.262940818729886E+001  0.103330372753484E+002  0.385706495325215E+001  0.140001346166790E+001
 0.126302083333333E+000  0.385706304173961E+001  0.262940914707552E+001  0.103330301060145E+002  0.385706304173961E+001  0.140001346166790E+001
 0.128906250000000E+000  0.385706320652090E+001  0.262940906433264E+001  0.103330307240830E+002  0.385706320652090E+001  0.140001346166790E+001
 0.131510416666667E+000  0.385706613438388E+001  0.262940759422750E+001  0.103330417054562E+002  0.385706613438388E+001  0.140001346166790E+001
 0.134114583333333E+000  0.385707264065411E+001  0.262940432737825E+001  0.103330661081599E+002  0.385707264065411E+001  0.140001346166790E+001
 0.136718750000000E+000  0.385708368233467E+001  0.262939878326788E+001  0.103331075216463E+002  0.385708368233467E+001  0.140001346166790E+001
 0.139322916666667E+000  0.385710037073693E+001  0.262939040390502E+001  0.103331701141960E+002  0.385710037073693E+001  0.140001346166790E+001
 0.141927083333333E+000  0.385712398313579E+001  0.262937854797604E+001  0.103332586766741E+002  0.385712398313579E+001  0.140001346166790E+001
 0.144531250000000E+000  0.385715597291107E+001  0.262936248575976E+001  0.103333786606246E+002  0.385715597291107E+001  0.140001346166790E+001
 0.147135416666667E+000  0.385719797756710E+001  0.262934139511043E+001  0.103335362084269E+002  0.385719797756710E+001  0.140001346166790E+001
 0.149739583333333E+000  0.385725182395849E+001  0.262931435884765E+001  0.103337381729987E+002  0.385725182395849E+001  0.140001346166790E+001
 0.152343750000000E+000  0.385731952999510E+001  0.262928036391910E+001  0.103339921243226E+002  0.385731952999510E+001  0.140001346166790E+001
 0.154947916666667E+000  0.385740330205716E+001  0.262923830272352E+001  0.103343063399177E+002  0.385740330205716E+001  0.140001346166790E+001
 0.157552083333333E+000  0.385750552732675E+001  0.262918697699356E+001  0.103346897762807E+002  0.385750552732675E+001  0.140001346166790E+001
 0.160156250000000E+000  0.385762876023888E+001  0.262912510463988E+001  0.103351520183122E+002  0.385762876023888E+001  0.140001346166790E+001
 0.162760416666667E+000  0.385777570227866E+001  0.262905132994547E+001  0.103357032038257E+002  0.385777570227866E+001  0.140001346166790E+001
 0.165364583333333E+000  0.385794917440568E+001  0.262896423747201E+001  0.103363539204403E+002  0.385794917440568E+001  0.140001346166790E+001
 0.167968750000000E+000  0.385815208147597E+001  0.262886236999399E+001  0.103371150724884E+002  0.385815208147597E+001  0.140001346166790E+001
 0.170572916666667E+000  0.385838736816133E+001  0.262874425071107E+001  0.103379977160496E+002  0.385838736816133E+001  0.140001346166790E+001
 0.173177083333333E+000  0.385865796603603E+001  0.262860840990201E+001  0.103390128608535E+002  0.385865796603603E+001  0.140001346166790E+001
 0.175781250000000E+000  0.385896673171634E+001  0.262845341607439E+001  0.103401712385969E+002  0.385896673171634E+001  0.140001346166790E+001
 0.178385416666667E+000  0.385931637619707E+001  0.262827791153230E+001  0.103414830381841E+002  0.385931637619707E+001  0.140001346166790E+001
 0.180989583333333E+000  0.385970938583174E+001  0.262808065213088E+001  0.103429576095227E+002  0.385970938583174E+001  0.140001346166790E+001
 0.183593750000000E+000  0.386014793574353E+001  0.262786055081341E+001  0.103446031387838E+002  0.386014793574353E+001  0.140001346166790E+001
 0.186197916666667E+000  0.386063379682829E+001  0.262761672433691E+001  0.103464262994313E+002  0.386063379682829E+001  0.140001346166790E+001
 0.188802083333333E+000  0.386116823790790E+001  0.262734854239160E+001  0.103484318848120E+002  0.386116823790790E+001  0.140001346166790E+001
 0.191406250000000E+000  0.386175192500099E+001  0.262705567811304E+001  0.103506224296372E+002  0.386175192500099E+001  0.140001346166790E+001
 0.194010416666667E+000  0.386238482008267E+001  0.262673815878249E+001  0.103529978292094E+002  0.386238482008267E+001  0.140001346166790E+001
 0.196614583333333E+000  0.386306608208830E+001  0.262639641531967E+001  0.103555549666988E+002  0.386306608208830E+001  0.140001346166790E+001
 0.199218750000000E+000  0.386379397325736E+001  0.262603132900299E+001  0.103582873600758E+002  0.386379397325736E+001  0.140001346166790E+001
 0.201822916666667E+000  0.386456577419090E+001  0.262564427371729E+001  0.103611848413711E+002  0.386456577419090E+001  0.140001346166790E+001
 0.204427083333333E+000  0.386537771118741E+001  0.262523715193843E+001  0.103642332816832E+002  0.386537771118741E+001  0.140001346166790E+001
 0.207031250000000E+000  0.386622489950516E+001  0.262481242263015E+001  0.103674143757050E+002  0.386622489950516E+001  0.140001346166790E+001
 0.209635416666667E+000  0.386710130615485E+001  0.262437311925941E+001  0.103707054994093E+002  0.386710130615485E+001  0.140001346166790E+001
 0.212239583333333E+000  0.386799973563923E+001  0.262392285624052E+001  0.103740796538711E+002  0.386799973563923E+001  0.140001346166790E+001
 0.214843750000000E+000  0.386891184171505E+001  0.262346582229990E+001  0.103775055069554E+002  0.386891184171505E+001  0.140001346166790E+001
 0.217447916666667E+000  0.386982816775527E+001  0.262300675951299E+001  0.103809475427548E+002  0.386982816775527E+001  0.140001346166790E+001
 0.220052083333333E+000  0.387073821763963E+001  0.262255092709930E+001  0.103843663262386E+002  0.387073821763963E+001  0.140001346166790E+001
 0.222656250000000E+000  0.387163055831408E+001  0.262210404946230E+001  0.103877188876080E+002  0.387163055831408E+001  0.140001346166790E+001
 0.225260416666667E+000  0.387249295425717E+001  0.262167224841613E+001  0.103909592274481E+002  0.387249295425717E+001  0.140001346166790E+001
 0.227864583333333E+000  0.387331253310536E+001  0.262126196003275E+001  0.103940389400155E+002  0.387331253310536E+001  0.140001346166790E+001
 0.230468750000000E+000  0.387407598065934E+001  0.262087983705215E+001  0.103969079480749E+002  0.387407598065934E+001  0.140001346166790E+001
 0.233072916666667E+000  0.387476976246238E+001  0.262053263830172E+001  0.103995153387436E+002  0.387476976246238E+001  0.140001346166790E+001
 0.235677083333333E+000  0.387538036815728E+001  0.262022710704586E+001  0.104018102860126E+002  0.387538036815728E+001  0.140001346166790E+001
 0.238281250000000E+000  0.387589457393560E+001  0.261996984061124E+001  0.104037430421588E+002  0.387589457393560E+001  0.140001346166790E+001
 0.240885416666667E+000  0.387629971763350E+001  0.261976715398719E+001  0.104052659773127E+002  0.387629971763350E+001  0.140001346166790E+001
 0.243489583333333E+000  0.387658398043822E+001  0.261962494036890E+001  0.104063346441371E+002  0.387658398043822E+001  0.140001346166790E+001
 0.246093750000000E+000  0.387673666877147E+001  0.261954853178328E+001  0.104069088430083E+002  0.387673666877147E+001  0.140001346166790E+001
 0.248697916666667E+000  0.387674848972657E+001  0.261954256300832E+001  0.104069536623326E+002  0.387674848972657E+001  0.140001346166790E+001
 0.251302083333333E+000  0.387661181345364E+001  0.261961084196979E+001  0.104064404686878E+002  0.387661181345364E+001  0.140001346166790E+001
 0.253906250000000E+000  0.387632091610213E+001  0.261975622968023E+001  0.104053478223070E+002  0.387632091610213E+001  0.140001346166790E+001
 0.256510416666667E+000  0.387587219731822E+001  0.261998053258913E+001  0.104036622949509E+002  0.387587219731822E+001  0.140001346166790E+001
 0.259114583333333E+000  0.387526436682638E+001  0.262028440995523E+001  0.104013791693072E+002  0.387526436682638E+001  0.140001346166790E+001
 0.261718750000000E+000  0.387449859526016E+001  0.262066729855204E+001  0.103985030015830E+002  0.387449859526016E+001  0.140001346166790E+001
 0.264322916666667E+000  0.387357862510880E+001  0.262112735669510E+001  0.103950480317506E+002  0.387357862510880E+001  0.140001346166790E+001
 0.266927083333333E+000  0.387251083837332E+001  0.262166142925258E+001  0.103910384288131E+002  0.387251083837332E+001  0.140001346166790E+001
 0.269531250000000E+000  0.387130427824494E+001  0.262226503498463E+001  0.103865083613419E+002  0.387130427824494E+001  0.140001346166790E+001
 0.272135416666667E+000  0.386997062280267E+001  0.262293237726262E+001  0.103815018862824E+002  0.386997062280267E+001  0.140001346166790E+001
 0.274739583333333E+000  0.386852410935972E+001  0.262365637895163E+001  0.103760726515550E+002  0.386852410935972E+001  0.140001346166790E+001
 0.277343750000000E+000  0.386698140866557E+001  0.262442874199860E+001  0.103702834102744E+002  0.386698140866557E+001  0.140001346166790E+001
 0.279947916666667E+000  0.386536144869923E+001  0.262524003204587E+001  0.103642053464761E+002  0.386536144869923E+001  0.140001346166790E+001
 0.282552083333333E+000  0.386368518829040E+001  0.262607978817323E+001  0.103579172141544E+002  0.386368518829040E+001  0.140001346166790E+001
 0.285156250000000E+000  0.386197534130943E+001  0.262693665764228E+001  0.103515042932817E+002  0.386197534130943E+001  0.140001346166790E+001
 0.287760416666667E+000  0.386025605271344E+001  0.262779855525183E+001  0.103450571684390E+002  0.386025605271344E+001  0.140001346166790E+001
 0.290364583333333E+000  0.385855252837028E+001  0.262865284658837E+001  0.103386703379182E+002  0.385855252837028E+001  0.140001346166790E+001
 0.292968750000000E+000  0.385689062134958E+001  0.262948655404656E+001  0.103324406638154E+002  0.385689062134958E+001  0.140001346166790E+001
 0.295572916666667E+000  0.385529637831310E+001  0.263028658397838E+001  0.103264656769097E+002  0.385529637831310E+001  0.140001346166790E+001
 0.298177083333333E+000  0.385379555078807E+001  0.263103997269200E+001  0.103208417541219E+002  0.385379555078807E+001  0.140001346166790E+001
 0.300781250000000E+000  0.385241307748290E+001  0.263173414825377E+001  0.103156621911771E+002  0.385241307748290E+001  0.140001346166790E+001
 0.303385416666667E+000  0.385117254540040E+001  0.263235720415656E+001  0.103110151987376E+002  0.385117254540040E+001  0.140001346166790E+001
 0.305989583333333E+000  0.385009563928554E+001  0.263289817992534E+001  0.103069818566417E+002  0.385009563928554E+001  0.140001346166790E+001
 0.308593750000000E+000  0.384920159084832E+001  0.263334734267627E+001  0.103036340677697E+002  0.384920159084832E+001  0.140001346166790E+001
 0.311197916666667E+000  0.384850664112602E+001  0.263369646258805E+001  0.103010325600966E+002  0.384850664112602E+001  0.140001346166790E+001
 0.313802083333333E+000  0.384802353115911E+001  0.263393907425964E+001  0.102992249922367E+002  0.384802353115911E+001  0.140001346166790E+001
 0.316406250000000E+000  0.384776103768551E+001  0.263407071511121E+001  0.102982442236059E+002  0.384776103768551E+001  0.140001346166790E+001
 0.319010416666667E+000  0.384772357162214E+001  0.263408913143723E+001  0.102981068145752E+002  0.384772357162214E+001  0.140001346166790E+001
 0.321614583333333E+000  0.384791085750820E+001  0.263399444254636E+001  0.102988118238984E+002  0.384791085750820E+001  0.140001346166790E+001
 0.324218750000000E+000  0.384831771164713E+001  0.263378925371900E+001  0.103003399695993E+002  0.384831771164713E+001  0.140001346166790E+001
 0.326822916666667E+000  0.384893393525654E+001  0.263347870955182E+001  0.103026532147671E+002  0.384893393525654E+001  0.140001346166790E+001
 0.329427083333333E+000  0.384974433642262E+001  0.263307048068150E+001  0.103056948309574E+002  0.384974433642262E+001  0.140001346166790E+001
 0.332031250000000E+000  0.385072889104491E+001  0.263257467887989E+001  0.103093899789754E+002  0.385072889104491E+001  0.140001346166790E+001
 0.334635416666667E+000  0.385186304832601E+001  0.263200369803283E+001  0.103136468299704E+002  0.385186304832601E+001  0.140001346166790E+001
 0.337239583333333E+000  0.385311818089237E+001  0.263137198144131E+001  0.103183582295895E+002  0.385311818089237E+001  0.140001346166790E+001
 0.339843750000000E+000  0.385446217360600E+001  0.263069571905223E+001  0.103234038854235E+002  0.385446217360600E+001  0.140001346166790E+001
 0.342447916666667E+000  0.385586013890538E+001  0.262999248143417E+001  0.103286530344533E+002  0.385586013890538E+001  0.140001346166790E+001
 0.345052083333333E+000  0.385727524051375E+001  0.262928080033618E+001  0.103339675242387E+002  0.385727524051375E+001  0.140001346166790E+001
 0.347656250000000E+000  0.385866960200362E+001  0.262857970828215E+001  0.103392052208210E+002  0.385866960200362E+001  0.140001346166790E+001
 0.350260416666667E+000  0.386000527240891E+001  0.262790825166176E+001  0.103442236393257E+002  0.386000527240891E+001  0.140001346166790E+001
 0.352864583333333E+000  0.386124521815654E+001  0.262728499303139E+001  0.103488836813591E+002  0.386124521815654E+001  0.140001346166790E+001
 0.355468750000000E+000  0.386235430926203E+001  0.262672751875028E+001  0.103530533574157E+002  0.386235430926203E+001  0.140001346166790E+001
 0.358072916666667E+000  0.386330026807795E+001  0.262625196763781E+001  0.103566113730499E+002  0.386330026807795E+001  0.140001346166790E+001
 0.360677083333333E+000  0.386405455083191E+001  0.262587259511323E+001  0.103594504643579E+002  0.386405455083191E+001  0.140001346166790E+001
 0.363281250000000E+000  0.386459313553993E+001  0.262560138539926E+001  0.103614803806637E+002  0.386459313553993E+001  0.140001346166790E+001
 0.365885416666667E+000  0.386489719431513E+001  0.262544772201801E+001  0.103626304290430E+002  0.386489719431513E+001  0.140001346166790E+001
 0.368489583333333E+000  0.386495363322293E+001  0.262541812419069E+001  0.103628515149866E+002  0.386495363322293E+001  0.140001346166790E+001
 0.371093750000000E+000  0.386475548824013E+001  0.262551605408540E+001  0.103621176344671E+002  0.386475548824013E+001  0.140001346166790E+001
 0.373697916666667E+000  0.386430217115241E+001  0.262574179733798E+001  0.103604267933378E+002  0.386430217115241E+001  0.140001346166790E+001
 0.376302083333333E+000  0.386359956401934E+001  0.262609241706025E+001  0.103578013489468E+002  0.386359956401934E+001  0.140001346166790E+001
 0.378906250000000E+000  0.386265996488036E+001  0.262656177976197E+001  0.103542877849931E+002  0.386265996488036E+001  0.140001346166790E+001
 0.381510416666667E+000  0.386150189050460E+001  0.262714065030544E+001  0.103499559432772E+002  0.386150189050460E+001  0.140001346166790E+001
 0.384114583333333E+000  0.386014974414685E+001  0.262781685218933E+001  0.103448977448247E+002  0.386014974414685E+001  0.140001346166790E+001
 0.386718750000000E+000  0.385863335751154E+001  0.262857548907209E+001  0.103392254380198E+002  0.385863335751154E+001  0.140001346166790E+001
 0.389322916666667E+000  0.385698741659047E+001  0.262939922340592E+001  0.103330694133719E+002  0.385698741659047E+001  0.140001346166790E+001
 0.391927083333333E+000  0.385525078094358E+001  0.263026860823564E+001  0.103265756241510E+002  0.385525078094358E+001  0.140001346166790E+001
 0.394531250000000E+000  0.385346570560451E+001  0.263116246847972E+001  0.103199026503594E+002  0.385346570560451E+001  0.140001346166790E+001
 0.397135416666667E+000  0.385167697440621E+001  0.263205832819852E+001  0.103132184414790E+002  0.385167697440621E+001  0.140001346166790E+001
 0.399739583333333E+000  0.384993095343323E+001  0.263293288031784E+001  0.103066967722788E+002  0.384993095343323E+001  0.140001346166790E+001
 0.402343750000000E+000  0.384827457378841E+001  0.263376249487822E+001  0.103005134467449E+002  0.384827457378841E+001  0.140001346166790E+001
 0.404947916666667E+000  0.384675425413655E+001  0.263452376101423E+001  0.102948422888057E+002  0.384675425413655E+001  0.140001346166790E+001
 0.407552083333333E+000  0.384541477570842E+001  0.263519405646615E+001  0.102898509656180E+002  0.384541477570842E+001  0.140001346166790E+001
 0.410156250000000E+000  0.384429812566973E+001  0.263575213647625E+001  0.102856967000375E+002  0.384429812566973E+001  0.140001346166790E+001
 0.412760416666667E+000  0.384344232891643E+001  0.263617873147647E+001  0.102825219434106E+002  0.384344232891643E+001  0.140001346166790E+001
 0.415364583333333E+000  0.384288029324791E+001  0.263645714016301E+001  0.102804500973406E+002  0.384288029324791E+001  0.140001346166790E+001
 0.417968750000000E+000  0.384263869814080E+001  0.263657380158869E+001  0.102795813924185E+002  0.384263869814080E+001  0.140001346166790E+001
 0.420572916666667E+000  0.384273696250279E+001  0.263651882707386E+001  0.102799890513252E+002  0.384273696250279E+001  0.140001346166790E+001
 0.423177083333333E+000  0.384318633120333E+001  0.263628647039759E+001  0.102817158809407E+002  0.384318633120333E+001  0.140001346166790E+001
 0.425781250000000E+000  0.384398912315131E+001  0.263587551327312E+001  0.102847714505343E+002  0.384398912315131E+001  0.140001346166790E+001
 0.428385416666667E+000  0.384513818449538E+001  0.263528954292552E+001  0.102891300179810E+002  0.384513818449538E+001  0.140001346166790E+001
 0.430989583333333E+000  0.384661658850828E+001  0.263453710000833E+001  0.102947293606785E+002  0.384661658850828E+001  0.140001346166790E+001
 0.433593750000000E+000  0.384839761840417E+001  0.263363167834055E+001  0.103014706503982E+002  0.384839761840417E+001  0.140001346166790E+001
 0.436197916666667E+000  0.385044506052334E+001  0.263259156306885E+001  0.103092194806174E+002  0.385044506052334E+001  0.140001346166790E+001
 0.438802083333333E+000  0.385271382315945E+001  0.263143950070511E+001  0.103178081112045E+002  0.385271382315945E+001  0.140001346166790E+001
 0.441406250000000E+000  0.385515088136667E+001  0.263020220267363E+001  0.103270389404537E+002  0.385515088136667E+001  0.140001346166790E+001
 0.444010416666667E+000  0.385769653133612E+001  0.262890969293437E+001  0.103366891517762E+002  0.385769653133612E+001  0.140001346166790E+001
 0.446614583333333E+000  0.386028592067694E+001  0.262759451917848E+001  0.103465164166146E+002  0.386028592067694E+001  0.140001346166790E+001
 0.449218750000000E+000  0.386285080468079E+001  0.262629085520102E+001  0.103562654720521E+002  0.386285080468079E+001  0.140001346166790E+001
 0.451822916666667E+000  0.386532146491715E+001  0.262503352855630E+001  0.103656753370820E+002  0.386532146491715E+001  0.140001346166790E+001
 0.454427083333333E+000  0.386762871664867E+001  0.262385701185115E+001  0.103744868910212E+002  0.386762871664867E+001  0.140001346166790E+001
 0.457031250000000E+000  0.386970592655120E+001  0.262279441762010E+001  0.103824505152420E+002  0.386970592655120E+001  0.140001346166790E+001
 0.459635416666667E+000  0.387149096254570E+001  0.262187653554159E+001  0.103893334975058E+002  0.387149096254570E+001  0.140001346166790E+001
 0.462239583333333E+000  0.387292800309280E+001  0.262113094698493E+001  0.103949269167556E+002  0.387292800309280E+001  0.140001346166790E+001
 0.464843750000000E+000  0.387396914340403E+001  0.262058124599178E+001  0.103990517630308E+002  0.387396914340403E+001  0.140001346166790E+001
 0.467447916666667E+000  0.387457574956090E+001  0.262024638846155E+001  0.104015640981381E+002  0.387457574956090E+001  0.140001346166790E+001
 0.470052083333333E+000  0.387471952708421E+001  0.262014018330106E+001  0.104023591224143E+002  0.387471952708421E+001  0.140001346166790E+001
 0.472656250000000E+000  0.387438328653129E+001  0.262027093139367E+001  0.104013740754173E+002  0.387438328653129E+001  0.140001346166790E+001
 0.475260416666667E+000  0.387356140377322E+001  0.262064121112986E+001  0.103985899579204E+002  0.387356140377322E+001  0.140001346166790E+001
 0.477864583333333E+000  0.387225998551490E+001  0.262124780345272E+001  0.103940321142836E+002  0.387225998551490E+001  0.140001346166790E+001
 0.480468750000000E+000  0.387049676051076E+001  0.262208174524452E+001  0.103877697545678E+002  0.387049676051076E+001  0.140001346166790E+001
 0.483072916666667E+000  0.386830072334122E+001  0.262312849754978E+001  0.103799145226255E+002  0.386830072334122E+001  0.140001346166790E+001
 0.485677083333333E+000  0.386571156047889E+001  0.262436821454453E+001  0.103706182293768E+002  0.386571156047889E+001  0.140001346166790E+001
 0.488281250000000E+000  0.386277888796176E+001  0.262577610011710E+001  0.103600698704523E+002  0.386277888796176E+001  0.140001346166790E+001
 0.490885416666667E+000  0.385956132684423E+001  0.262732284110819E+001  0.103484920363498E+002  0.385956132684423E+001  0.140001346166790E+001
 0.493489583333333E+000  0.385612543744220E+001  0.262897510927657E+001  0.103361368039346E+002  0.385612543744220E+001  0.140001346166790E+001
 0.496093750000000E+000  0.385254452706477E+001  0.263069612748534E+001  0.103232811737199E+002  0.385254452706477E+001  0.140001346166790E+001
 0.498697916666667E+000  0.384889733932015E+001  0.263244629899635E+001  0.103102220912559E+002  0.384889733932015E+001  0.140001346166790E+001
 0.501302083333333E+000  0.384526662708643E+001  0.263418390167561E+001  0.102972710665323E+002  0.384526662708643E+001  0.140001346166790E+001
 0.503906250000000E+000  0.384173760670965E+001  0.263586585091957E+001  0.102847483858146E+002  0.384173760670965E+001  0.140001346166790E+001
 0.506510416666667E+000  0.383839628873256E+001  0.263744853580423E+001  0.102729768988297E+002  0.383839628873256E+001  0.140001346166790E+001
 0.509114583333333E+000  0.383532768117765E+001  0.263888873197199E+001  0.102622753634284E+002  0.383532768117765E+001  0.140001346166790E+001
 0.511718750000000E+000  0.383261386568260E+001  0.264014459180780E+001  0.102529513420429E+002  0.383261386568260E+001  0.140001346166790E+001
 0.514322916666667E+000  0.383033195498776E+001  0.264117670733243E+001  0.102452936710493E+002  0.383033195498776E+001  0.140001346166790E+001
 0.516927083333333E+000  0.382855195248534E+001  0.264194923393835E+001  0.102395645661650E+002  0.382855195248534E+001  0.140001346166790E+001
 0.519531250000000E+000  0.382733455044228E+001  0.264243105383086E+001  0.102359914835450E+002  0.382733455044228E+001  0.140001346166790E+001
 0.522135416666667E+000  0.382672892227990E+001  0.264259694733038E+001  0.102347589247674E+002  0.382672892227990E+001  0.140001346166790E+001
 0.524739583333333E+000  0.382677058451466E+001  0.264242872890517E+001  0.102360004497273E+002  0.382677058451466E+001  0.140001346166790E+001
 0.527343750000000E+000  0.382747942359932E+001  0.264191629415517E+001  0.102397912375141E+002  0.382747942359932E+001  0.140001346166790E+001
 0.529947916666667E+000  0.382885799936217E+001  0.264105851546828E+001  0.102461416022857E+002  0.382885799936217E+001  0.140001346166790E+001
 0.532552083333333E+000  0.383089024709262E+001  0.263986391938465E+001  0.102549919179596E+002  0.383089024709262E+001  0.140001346166790E+001
 0.535156250000000E+000  0.383354070163134E+001  0.263835107942328E+001  0.102662094207202E+002  0.383354070163134E+001  0.140001346166790E+001
 0.537760416666667E+000  0.383675435664272E+001  0.263654866546793E+001  0.102795873316170E+002  0.383675435664272E+001  0.140001346166790E+001
 0.540364583333333E+000  0.384045724914888E+001  0.263449510531595E+001  0.102948466659598E+002  0.384045724914888E+001  0.140001346166790E+001
 0.542968750000000E+000  0.384455782348640E+001  0.263223783525484E+001  0.103116409703095E+002  0.384455782348640E+001  0.140001346166790E+001
 0.545572916666667E+000  0.384894908207494E+001  0.262983214305749E+001  0.103295640571512E+002  0.384894908207494E+001  0.140001346166790E+001
 0.548177083333333E+000  0.385351147663123E+001  0.262733963606938E+001  0.103481606049930E+002  0.385351147663123E+001  0.140001346166790E+001
 0.550781250000000E+000  0.385811643817125E+001  0.262482639585515E+001  0.103669392775977E+002  0.385811643817125E+001  0.140001346166790E+001
 0.553385416666667E+000  0.386263039363809E+001  0.262236090567974E+001  0.103853878146031E+002  0.386263039363809E+001  0.140001346166790E+001
 0.555989583333333E+000  0.386691907749190E+001  0.262001185475593E+001  0.104029893819182E+002  0.386691907749190E+001  0.140001346166790E+001
 0.558593750000000E+000  0.387085192316234E+001  0.261784593143051E+001  0.104192393654020E+002  0.387085192316234E+001  0.140001346166790E+001
 0.561197916666667E+000  0.387430631489326E+001  0.261592571535136E+001  0.104336617594419E+002  0.387430631489326E+001  0.140001346166790E+001
 0.563802083333333E+000  0.387717149560487E+001  0.261430776667415E+001  0.104458243470977E+002  0.387717149560487E+001  0.140001346166790E+001
 0.566406250000000E+000  0.387935195871539E+001  0.261304099038343E+001  0.104553519836752E+002  0.387935195871539E+001  0.140001346166790E+001
 0.569010416666667E+000  0.388077019696328E+001  0.261216532863678E+001  0.104619374648308E+002  0.388077019696328E+001  0.140001346166790E+001
 0.571614583333333E+000  0.388136873334589E+001  0.261171080694555E+001  0.104653496611676E+002  0.388136873334589E+001  0.140001346166790E+001
 0.574218750000000E+000  0.388111141217186E+001  0.261169693412917E+001  0.104654388090807E+002  0.388111141217186E+001  0.140001346166790E+001
 0.576822916666667E+000  0.387998397633119E+001  0.261213243391250E+001  0.104621390393330E+002  0.387998397633119E+001  0.140001346166790E+001
 0.579427083333333E+000  0.387799399594547E+001  0.261301526952747E+001  0.104554683823409E+002  0.387799399594547E+001  0.140001346166790E+001
 0.582031250000000E+000  0.387517024097952E+001  0.261433291255746E+001  0.104455266009363E+002  0.387517024097952E+001  0.140001346166790E+001
 0.584635416666667E+000  0.387156160530518E+001  0.261606280350266E+001  0.104324912630414E+002  0.387156160530518E+001  0.140001346166790E+001
 0.587239583333333E+000  0.386723569270520E+001  0.261817295347301E+001  0.104166124800936E+002  0.386723569270520E+001  0.140001346166790E+001
 0.589843750000000E+000  0.386227716804896E+001  0.262062264294300E+001  0.103982067086866E+002  0.386227716804896E+001  0.140001346166790E+001
 0.592447916666667E+000  0.385678596161793E+001  0.262336318336395E+001  0.103776499520330E+002  0.385678596161793E+001  0.140001346166790E+001
 0.595052083333333E+000  0.385087539375568E+001  0.262633871935711E+001  0.103553706147848E+002  0.385087539375568E+001  0.140001346166790E+001
 0.597656250000000E+000  0.384467026300498E+001  0.262948706205664E+001  0.103318421694639E+002  0.384467026300498E+001  0.140001346166790E+001
 0.600260416666667E+000  0.383830491575357E+001  0.263274055694042E+001  0.103075756941134E+002  0.383830491575357E+001  0.140001346166790E+001
 0.602864583333333E+000  0.383192129091943E+001  0.263602700132626E+001  0.102831122463261E+002  0.383192129091943E+001  0.140001346166790E+001
 0.605468750000000E+000  0.382566691091654E+001  0.263927063684567E+001  0.102590149548572E+002  0.382566691091654E+001  0.140001346166790E+001
 0.608072916666667E+000  0.381969277148987E+001  0.264239324986328E+001  0.102358606422220E+002  0.381969277148987E+001  0.140001346166790E+001
 0.610677083333333E+000  0.381415106944459E+001  0.264531541714159E+001  0.102142307454684E+002  0.381415106944459E+001  0.140001346166790E+001
 0.613281250000000E+000  0.380919270037634E+001  0.264795793409975E+001  0.101947012834697E+002  0.380919270037634E+001  0.140001346166790E+001
 0.615885416666667E+000  0.380496445990224E+001  0.265024345772659E+001  0.101778316338843E+002  0.380496445990224E+001  0.140001346166790E+001
 0.618489583333333E+000  0.380160589326345E+001  0.265209838453766E+001  0.101641519379105E+002  0.380160589326345E+001  0.140001346166790E+001
 0.621093750000000E+000  0.379924576092618E+001  0.265345496508136E+001  0.101541490520669E+002  0.379924576092618E+001  0.140001346166790E+001
 0.623697916666667E+000  0.379799812270410E+001  0.265425363010286E+001  0.101482511171821E+002  0.379799812270410E+001  0.140001346166790E+001
 0.626302083333333E+000  0.379795808955503E+001  0.265444547020055E+001  0.101468110149267E+002  0.379795808955503E+001  0.140001346166790E+001
 0.628906250000000E+000  0.379919734849764E+001  0.265399477264293E+001  0.101500892237571E+002  0.379919734849764E+001  0.140001346166790E+001
 0.631510416666667E+000  0.380175962793356E+001  0.265288147959775E+001  0.101582368516598E+002  0.380175962793356E+001  0.140001346166790E+001
 0.634114583333333E+000  0.380565633184733E+001  0.265110339670991E+001  0.101712798839328E+002  0.380565633184733E+001  0.140001346166790E+001
 0.636718750000000E+000  0.381086262406834E+001  0.264867795641443E+001  0.101891059011079E+002  0.381086262406834E+001  0.140001346166790E+001
 0.639322916666667E+000  0.381731427962985E+001  0.264564333362888E+001  0.102114546486212E+002  0.381731427962985E+001  0.140001346166790E+001
 0.641927083333333E+000  0.382490563188150E+001  0.264205872851257E+001  0.102379138297834E+002  0.382490563188150E+001  0.140001346166790E+001
 0.644531250000000E+000  0.383348892680141E+001  0.263800367498408E+001  0.102679213113059E+002  0.383348892680141E+001  0.140001346166790E+001
 0.647135416666667E+000  0.384287534948663E+001  0.263357630347599E+001  0.103007745624672E+002  0.384287534948663E+001  0.140001346166790E+001
 0.649739583333333E+000  0.385283791625460E+001  0.262889057559507E+001  0.103356476128765E+002  0.385283791625460E+001  0.140001346166790E+001
 0.652343750000000E+000  0.386311633698456E+001  0.262407260573661E+001  0.103716151629714E+002  0.386311633698456E+001  0.140001346166790E+001
 0.654947916666667E+000  0.387342385540160E+001  0.261925627597389E+001  0.104076827996850E+002  0.387342385540160E+001  0.140001346166790E+001
 0.657552083333333E+000  0.388345597734974E+001  0.261457842117416E+001  0.104428216575406E+002  0.388345597734974E+001  0.140001346166790E+001
 0.660156250000000E+000  0.389290090173068E+001  0.261017389974412E+001  0.104760054192115E+002  0.389290090173068E+001  0.140001346166790E+001
 0.662760416666667E+000  0.390145137337361E+001  0.260617086580653E+001  0.105062473402147E+002  0.390145137337361E+001  0.140001346166790E+001
 0.665364583333333E+000  0.390881757545560E+001  0.260268652203081E+001  0.105326350388601E+002  0.390881757545560E+001  0.140001346166790E+001
 0.667968750000000E+000  0.391474056495708E+001  0.259982356633035E+001  0.105543610961660E+002  0.391474056495708E+001  0.140001346166790E+001
 0.670572916666667E+000  0.391900562661498E+001  0.259766746219527E+001  0.105707480011197E+002  0.391900562661498E+001  0.140001346166790E+001
 0.673177083333333E+000  0.392145478657900E+001  0.259628457511256E+001  0.105812665690884E+002  0.392145478657900E+001  0.140001346166790E+001
 0.675781250000000E+000  0.392199760478490E+001  0.259572113859775E+001  0.105855475651161E+002  0.392199760478490E+001  0.140001346166790E+001
 0.678385416666667E+000  0.392061928185728E+001  0.259600295168968E+001  0.105833868025440E+002  0.392061928185728E+001  0.140001346166790E+001
 0.680989583333333E+000  0.391738510224885E+001  0.259713566985936E+001  0.105747444093252E+002  0.391738510224885E+001  0.140001346166790E+001
 0.683593750000000E+000  0.391244031621815E+001  0.259910553350173E+001  0.105597392364619E+002  0.391244031621815E+001  0.140001346166790E+001
 0.686197916666667E+000  0.390600475375624E+001  0.260188037965769E+001  0.105386395261389E+002  0.390600475375624E+001  0.140001346166790E+001
 0.688802083333333E+000  0.389836176241119E+001  0.260541079859637E+001  0.105118509774920E+002  0.389836176241119E+001  0.140001346166790E+001
 0.691406250000000E+000  0.388984145025788E+001  0.260963132193970E+001  0.104799032666707E+002  0.388984145025788E+001  0.140001346166790E+001
 0.694010416666667E+000  0.388079866395555E+001  0.261446155786554E+001  0.104434359122562E+002  0.388079866395555E+001  0.140001346166790E+001
 0.696614583333333E+000  0.387158660199531E+001  0.261980721683074E+001  0.104031841344705E+002  0.387158660199531E+001  0.140001346166790E+001
 0.699218750000000E+000  0.386252741725328E+001  0.262556099380376E+001  0.103599650307612E+002  0.386252741725328E+001  0.140001346166790E+001
 0.701822916666667E+000  0.385388156915018E+001  0.263160328549808E+001  0.103146639598721E+002  0.385388156915018E+001  0.140001346166790E+001
 0.704427083333333E+000  0.384581802025165E+001  0.263780271754807E+001  0.102682204540331E+002  0.384581802025165E+001  0.140001346166790E+001
 0.707031250000000E+000  0.383838761595028E+001  0.264401642825032E+001  0.102216122099387E+002  0.383838761595028E+001  0.140001346166790E+001
 0.709635416666667E+000  0.383150211598357E+001  0.265008998908091E+001  0.101758346691711E+002  0.383150211598357E+001  0.140001346166790E+001
 0.712239583333333E+000  0.382492132184259E+001  0.265585671700173E+001  0.101318722849933E+002  0.382492132184259E+001  0.140001346166790E+001
 0.714843750000000E+000  0.381825048485791E+001  0.266113591685713E+001  0.100906556326804E+002  0.381825048485791E+001  0.140001346166790E+001
 0.717447916666667E+000  0.381094953826536E+001  0.266572923025988E+001  0.100529957996626E+002  0.381094953826536E+001  0.140001346166790E+001
 0.720052083333333E+000  0.380235441314861E+001  0.266941366779900E+001  0.100194835109220E+002  0.380235441314861E+001  0.140001346166790E+001
 0.722656250000000E+000  0.379170833047581E+001  0.267192889717333E+001  0.999033425004480E+001  0.379170833047581E+001  0.140001346166790E+001
 0.725260416666667E+000  0.377819676883729E+001  0.267295463986367E+001  0.996515031539325E+001  0.377819676883729E+001  0.140001346166790E+001
 0.727864583333333E+000  0.376097256307206E+001  0.267207100716926E+001  0.994255259088614E+001  0.376097256307206E+001  0.140001346166790E+001
 0.730468750000000E+000  0.373914528819358E+001  0.266868918643645E+001  0.991960199019040E+001  0.373914528819358E+001  0.140001346166790E+001
 0.733072916666667E+000  0.371168855279864E+001  0.266193006610427E+001  0.989087157570738E+001  0.371168855279864E+001  0.140001346166790E+001
 0.735677083333333E+000  0.367718546082874E+001  0.265041065895794E+001  0.984692898164822E+001  0.367718546082874E+001  0.140001346166790E+001
 0.738281250000000E+000  0.363328126528901E+001  0.263186689042541E+001  0.977183171355595E+001  0.363328126528901E+001  0.140001346166790E+001
 0.740885416666667E+000  0.357564418165412E+001  0.260248872779905E+001  0.963905221158501E+001  0.357564418165412E+001  0.140001346166790E+001
 0.743489583333333E+000  0.349618294814238E+001  0.255576347312048E+001  0.940523062638623E+001  0.349618294814238E+001  0.140001346166790E+001
 0.746093750000000E+000  0.338037689585206E+001  0.248052641156555E+001  0.900202633580719E+001  0.338037689585206E+001  0.140001346166790E+001
 0.748697916666667E+000  0.320430394252841E+001  0.235789293207498E+001  0.833015975395628E+001  0.320430394252841E+001  0.140001346166790E+001
 0.751302083333333E+000  0.293446441164210E+001  0.215719487894803E+001  0.727076713725433E+001  0.293446441164210E+001  0.140001346166790E+001
 0.753906250000000E+000  0.253958570976235E+001  0.183371965916672E+001  0.575043720028301E+001  0.253958570976235E+001  0.140001346166790E+001
 0.756510416666667E+000  0.203102619037319E+001  0.134320335931874E+001  0.390288446074249E+001  0.203102619037319E+001  0.140001346166790E+001
 0.759114583333333E+000  0.152735671034255E+001  0.724236492031261E+000  0.223487252836976E+001  0.152735671034255E+001  0.140001346166790E+001
 0.761718750000000E+000  0.120999818135923E+001  0.231189449555197E+000  0.131927057157875E+001  0.120999818135923E+001  0.140001346166790E+001
 0.764322916666667E+000  0.109927927492263E+001  0.440505620137231E-001  0.105521687171882E+001  0.109927927492263E+001  0.140001346166790E+001
 0.766927083333333E+000  0.108097314656793E+001  0.668066555041511E-002  0.100824894830369E+001  0.108097314656793E+001  0.140001346166790E+001
 0.769531250000000E+000  0.108452570171549E+001  0.964399271691988E-003  0.100119269733902E+001  0.108452570171549E+001  0.140001346166790E+001
 0.772135416666667E+000  0.109073429089438E+001  0.138199351640170E-003  0.100017131745326E+001  0.109073429089438E+001  0.140001346166790E+001
 0.774739583333333E+000  0.109597688863467E+001  0.197663303243578E-004  0.100002454393182E+001  0.109597688863467E+001  0.140001346166790E+001
 0.777343750000000E+000  0.109959475335238E+001  0.282468574486944E-005  0.100000351037240E+001  0.109959475335238E+001  0.140001346166790E+001
 0.779947916666667E+000  0.110142939421771E+001  0.403617173954867E-006  0.100000050159161E+001  0.110142939421771E+001  0.140001346166790E+001
 0.782552083333333E+000  0.110142905755531E+001  0.577058774541176E-007  0.100000007165231E+001  0.110142905755531E+001  0.140001346166790E+001
 0.785156250000000E+000  0.109959202405653E+001  0.826395280144451E-008  0.100000001024390E+001  0.109959202405653E+001  0.140001346166790E+001
 0.787760416666667E+000  0.109595789548285E+001  0.118623897439056E-008  0.100000000146679E+001  0.109595789548285E+001  0.140001346166790E+001
 0.790364583333333E+000  0.109060348953145E+001  0.170787377200512E-009  0.100000000021049E+001  0.109060348953145E+001  0.140001346166790E+001
 0.792968750000000E+000  0.108364027941525E+001  0.246773702221835E-010  0.100000000003029E+001  0.108364027941525E+001  0.140001346166790E+001
 0.795572916666667E+000  0.107521104216620E+001  0.358048878085840E-011  0.100000000000438E+001  0.107521104216620E+001  0.140001346166790E+001
 0.798177083333333E+000  0.106548574475889E+001  0.521969156031360E-012  0.100000000000063E+001  0.106548574475889E+001  0.140001346166790E+001
 0.800781250000000E+000  0.105465684127973E+001  0.763274318665174E-013  0.100000000000009E+001  0.105465684127973E+001  0.140001346166790E+001
 0.803385416666667E+000  0.104293418794147E+001  0.111076148348968E-013  0.100000000000001E+001  0.104293418794147E+001  0.140001346166790E+001
 0.805989583333333E+000  0.103053978894306E+001  0.159312332997907E-014  0.100000000000000E+001  0.103053978894306E+001  0.140001346166790E+001
 0.808593750000000E+000  0.101770257740275E+001  0.199610731464260E-015  0.100000000000000E+001  0.101770257740275E+001  0.140001346166790E+001
 0.811197916666667E+000  0.100465341494685E+001  0.205714118355603E-017  0.100000000000000E+001  0.100465341494685E+001  0.140001346166790E+001
 0.813802083333333E+000  0.991620463470175E+000  0.000000000000000E+000  0.100000000000000E+001  0.991620463470175E+000  0.140001346166790E+001
 0.816406250000000E+000  0.978825045932152E+000  0.000000000000000E+000  0.100000000000000E+001  0.978825045932152E+000  0.140001346166790E+001
 0.819010416666667E+000  0.966478072930485E+000  0.000000000000000E+000  0.100000000000000E+001  0.966478072930485E+000  0.140001346166790E+001
 0.821614583333333E+000  0.954777071324943E+000  0.000000000000000E+000  0.100000000000000E+001  0.954777071324943E+000  0.140001346166790E+001
 0.824218750000000E+000  0.943903813224319E+000  0.000000000000000E+000  0.100000000000000E+001  0.943903813224319E+000  0.140001346166790E+001
 0.826822916666667E+000  0.934022510573223E+000  0.000000000000000E+000  0.100000000000000E+001  0.934022510573223E+000  0.140001346166790E+001
 0.829427083333333E+000  0.925278514131576E+000  0.000000000000000E+000  0.100000000000000E+001  0.925278514131576E+000  0.140001346166790E+001
 0.832031250000000E+000  0.917797436900455E+000  0.000000000000000E+000  0.100000000000000E+001  0.917797436900455E+000  0.140001346166790E+001
 0.834635416666667E+000  0.911684611432633E+000  0.000000000000000E+000  0.100000000000000E+001  0.911684611432633E+000  0.140001346166790E+001
 0.837239583333333E+000  0.907024787825624E+000  0.000000000000000E+000  0.100000000000000E+001  0.907024787825624E+000  0.140001346166790E+001
 0.839843750000000E+000  0.903881983930433E+000  0.000000000000000E+000  0.100000000000000E+001  0.903881983930433E+000  0.140001346166790E+001
 0.842447916666667E+000  0.902299410498119E+000  0.000000000000000E+000  0.100000000000000E+001  0.902299410498119E+000  0.140001346166790E+001
 0.845052083333333E+000  0.902299410495914E+000  0.000000000000000E+000  0.100000000000000E+001  0.902299410495914E+000  0.140001346166790E+001
 0.847656250000000E+000  0.903881983922785E+000  0.000000000000000E+000  0.100000000000000E+001  0.903881983922785E+000  0.140001346166790E+001
 0.850260416666667E+000  0.907024787808985E+000  0.000000000000000E+000  0.100000000000000E+001  0.907024787808985E+000  0.140001346166790E+001
 0.852864583333333E+000  0.911684611399417E+000  0.000000000000000E+000  0.100000000000000E+001  0.911684611399417E+000  0.140001346166790E+001
 0.855468750000000E+000  0.917797436835840E+000  0.000000000000000E+000  0.100000000000000E+001  0.917797436835840E+000  0.140001346166790E+001
 0.858072916666667E+000  0.925278514007395E+000  0.000000000000000E+000  0.100000000000000E+001  0.925278514007395E+000  0.140001346166790E+001
 0.860677083333333E+000  0.934022510336627E+000  0.000000000000000E+000  0.100000000000000E+001  0.934022510336627E+000  0.140001346166790E+001
 0.863281250000000E+000  0.943903812777053E+000  0.000000000000000E+000  0.100000000000000E+001  0.943903812777053E+000  0.140001346166790E+001
 0.865885416666667E+000  0.954777070485834E+000  0.000000000000000E+000  0.100000000000000E+001  0.954777070485834E+000  0.140001346166790E+001
 0.868489583333333E+000  0.966478071368167E+000  0.000000000000000E+000  0.100000000000000E+001  0.966478071368167E+000  0.140001346166790E+001
 0.871093750000000E+000  0.978825043045562E+000  0.000000000000000E+000  0.100000000000000E+001  0.978825043045562E+000  0.140001346166790E+001
 0.873697916666667E+000  0.991620458178300E+000  0.000000000000000E+000  0.100000000000000E+001  0.991620458178300E+000  0.140001346166790E+001
 0.876302083333333E+000  0.100465340532255E+001  0.000000000000000E+000  0.100000000000000E+001  0.100465340532255E+001  0.140001346166790E+001
 0.878906250000000E+000  0.101770256004175E+001  0.000000000000000E+000  0.100000000000000E+001  0.101770256004175E+001  0.140001346166790E+001
 0.881510416666667E+000  0.103053975788871E+001  0.000000000000000E+000  0.100000000000000E+001  0.103053975788871E+001  0.140001346166790E+001
 0.884114583333333E+000  0.104293413287375E+001  0.000000000000000E+000  0.100000000000000E+001  0.104293413287375E+001  0.140001346166790E+001
 0.886718750000000E+000  0.105465674450235E+001  0.000000000000000E+000  0.100000000000000E+001  0.105465674450235E+001  0.140001346166790E+001
 0.889322916666667E+000  0.106548557625081E+001  0.000000000000000E+000  0.100000000000000E+001  0.106548557625081E+001  0.140001346166790E+001
 0.891927083333333E+000  0.107521075156164E+001  0.000000000000000E+000  0.100000000000000E+001  0.107521075156164E+001  0.140001346166790E+001
 0.894531250000000E+000  0.108363978317947E+001  0.000000000000000E+000  0.100000000000000E+001  0.108363978317947E+001  0.140001346166790E+001
 0.897135416666667E+000  0.109060265069864E+001  0.000000000000000E+000  0.100000000000000E+001  0.109060265069864E+001  0.140001346166790E+001
 0.899739583333333E+000  0.109595649174809E+001  0.000000000000000E+000  0.100000000000000E+001  0.109595649174809E+001  0.140001346166790E+001
 0.902343750000000E+000  0.109958969566828E+001  0.000000000000000E+000  0.100000000000000E+001  0.109958969566828E+001  0.140001346166790E+001
 0.904947916666667E+000  0.110142520523892E+001  0.000000000000000E+000  0.100000000000000E+001  0.110142520523892E+001  0.140001346166790E+001
 0.907552083333333E+000  0.110142286137744E+001  0.000000000000000E+000  0.100000000000000E+001  0.110142286137744E+001  0.140001346166790E+001
 0.910156250000000E+000  0.109958220606201E+001  0.000000000000000E+000  0.100000000000000E+001  0.109958220606201E+001  0.140001346166790E+001
 0.912760416666667E+000  0.109594241182898E+001  0.000000000000000E+000  0.100000000000000E+001  0.109594241182898E+001  0.140001346166790E+001
 0.915364583333333E+000  0.109057935352178E+001  0.000000000000000E+000  0.100000000000000E+001  0.109057935352178E+001  0.140001346166790E+001
 0.917968750000000E+000  0.108360311652421E+001  0.000000000000000E+000  0.100000000000000E+001  0.108360311652421E+001  0.140001346166790E+001
 0.920572916666667E+000  0.107515452593820E+001  0.000000000000000E+000  0.100000000000000E+001  0.107515452593820E+001  0.140001346166790E+001
 0.923177083333333E+000  0.106540085352103E+001  0.000000000000000E+000  0.100000000000000E+001  0.106540085352103E+001  0.140001346166790E+001
 0.925781250000000E+000  0.105453088943930E+001  0.000000000000000E+000  0.100000000000000E+001  0.105453088943930E+001  0.140001346166790E+001
 0.928385416666667E+000  0.104274958380251E+001  0.000000000000000E+000  0.100000000000000E+001  0.104274958380251E+001  0.140001346166790E+001
 0.930989583333333E+000  0.103027246793027E+001  0.000000000000000E+000  0.100000000000000E+001  0.103027246793027E+001  0.140001346166790E+001
 0.933593750000000E+000  0.101732005783381E+001  0.000000000000000E+000  0.100000000000000E+001  0.101732005783381E+001  0.140001346166790E+001
 0.936197916666667E+000  0.100411242388560E+001  0.000000000000000E+000  0.100000000000000E+001  0.100411242388560E+001  0.140001346166790E+001
 0.938802083333333E+000  0.990864083386985E+000  0.000000000000000E+000  0.100000000000000E+001  0.990864083386985E+000  0.140001346166790E+001
 0.941406250000000E+000  0.977779339635294E+000  0.000000000000000E+000  0.100000000000000E+001  0.977779339635294E+000  0.140001346166790E+001
 0.944010416666667E+000  0.965048155411064E+000  0.000000000000000E+000  0.100000000000000E+001  0.965048155411064E+000  0.140001346166790E+001
 0.946614583333333E+000  0.952842613886563E+000  0.000000000000000E+000  0.100000000000000E+001  0.952842613886563E+000  0.140001346166790E+001
 0.949218750000000E+000  0.941313988888339E+000  0.000000000000000E+000  0.100000000000000E+001  0.941313988888339E+000  0.140001346166790E+001
 0.951822916666667E+000  0.930590421801235E+000  0.000000000000000E+000  0.100000000000000E+001  0.930590421801235E+000  0.140001346166790E+001
 0.954427083333333E+000  0.920775186004552E+000  0.000000000000000E+000  0.100000000000000E+001  0.920775186004552E+000  0.140001346166790E+001
 0.957031250000000E+000  0.911945512488309E+000  0.000000000000000E+000  0.100000000000000E+001  0.911945512488309E+000  0.140001346166790E+001
 0.959635416666667E+000  0.904151952080568E+000  0.000000000000000E+000  0.100000000000000E+001  0.904151952080568E+000  0.140001346166790E+001
 0.962239583333333E+000  0.897418259308001E+000  0.000000000000000E+000  0.100000000000000E+001  0.897418259308001E+000  0.140001346166790E+001
 0.964843750000000E+000  0.891741798015081E+000  0.000000000000000E+000  0.100000000000000E+001  0.891741798015081E+000  0.140001346166790E+001
 0.967447916666667E+000  0.887094486199862E+000  0.000000000000000E+000  0.100000000000000E+001  0.887094486199862E+000  0.140001346166790E+001
 0.970052083333333E+000  0.883424313020645E+000  0.000000000000000E+000  0.100000000000000E+001  0.883424313020645E+000  0.140001346166790E+001
 0.972656250000000E+000  0.880657470085889E+000  0.000000000000000E+000  0.100000000000000E+001  0.880657470085889E+000  0.140001346166790E+001
 0.975260416666667E+000  0.878701137534536E+000  0.000000000000000E+000  0.100000000000000E+001  0.878701137534536E+000  0.140001346166790E+001
 0.977864583333333E+000  0.877446949378734E+000  0.000000000000000E+000  0.100000000000000E+001  0.877446949378734E+000  0.140001346166790E+001
 0.980468750000000E+000  0.876775130045006E+000  0.000000000000000E+000  0.100000000000000E+001  0.876775130045006E+000  0.140001346166790E+001
 0.983072916666667E+000  0.876559245488936E+000  0.000000000000000E+000  0.100000000000000E+001  0.876559245488936E+000  0.140001346166790E+001
 0.985677083333333E+000  0.876671444279217E+000  0.000000000000000E+000  0.100000000000000E+001  0.876671444279217E+000  0.140001346166790E+001
 0.988281250000000E+000  0.876988006749225E+000  0.000000000000000E+000  0.100000000000000E+001  0.876988006749225E+000  0.140001346166790E+001
 0.990885416666667E+000  0.877395055201295E+000  0.000000000000000E+000  0.100000000000000E+001  0.877395055201295E+000  0.140001346166790E+001
 0.993489583333333E+000  0.877793886701756E+000  0.000000000000000E+000  0.100000000000000E+001  0.877793886701756E+000  0.140001346166790E+001
 0.996093750000000E+000  0.878105748270731E+000  0.000000000000000E+000  0.100000000000000E+001  0.878105748270731E+000  0.140001346166790E+001
 0.998697916666667E+000  0.878275768972718E+000  0.000000000000000E+000  0.100000000000000E+001  0.878275768972718E+000  0.140001346166790E+001
