# Shu-Osher shock tube problem
VARIABLES="x" "rho(1)" "u" "p" "rho" "gamma"
ZONE T="+0.178000000000000E+000"
 0.130208333333333E-002  0.385714300000000E+001  0.262936900000000E+001  0.103333300000000E+002  0.385714300000000E+001  0.140001346166790E+001
 0.390625000000000E-002  0.385714300000000E+001  0.262936900000000E+001  0.103333300000000E+002  0.385714300000000E+001  0.140001346166790E+001
 0.651041666666667E-002  0.385714300000000E+001  0.262936900000000E+001  0.103333300000000E+002  0.385714300000000E+001  0.140001346166790E+001
 0.911458333333333E-002  0.385714300000000E+001  0.262936900000000E+001  0.103333300000000E+002  0.385714300000000E+001  0.140001346166790E+001
 0.117187500000000E-001  0.385714300000000E+001  0.262936900000000E+001  0.103333300000000E+002  0.385714300000000E+001  0.140001346166790E+001
 0.143229166666667E-001  0.385714300000000E+001  0.262936900000000E+001  0.103333300000000E+002  0.385714300000000E+001  0.140001346166790E+001
 0.169270833333333E-001  0.385714299999999E+001  0.262936900000000E+001  0.103333300000000E+002  0.385714299999999E+001  0.140001346166790E+001
 0.195312500000000E-001  0.385714299999999E+001  0.262936900000000E+001  0.103333300000000E+002  0.385714299999999E+001  0.140001346166790E+001
 0.221354166666667E-001  0.385714300000000E+001  0.262936900000000E+001  0.103333300000000E+002  0.385714300000000E+001  0.140001346166790E+001
 0.247395833333333E-001  0.385714300000000E+001  0.262936900000000E+001  0.103333300000000E+002  0.385714300000000E+001  0.140001346166790E+001
 0.273437500000000E-001  0.385714300000000E+001  0.262936900000000E+001  0.103333300000000E+002  0.385714300000000E+001  0.140001346166790E+001
 0.299479166666667E-001  0.385714300000000E+001  0.262936900000000E+001  0.103333300000000E+002  0.385714300000000E+001  0.140001346166790E+001
 0.325520833333333E-001  0.385714300000000E+001  0.262936900000000E+001  0.103333300000000E+002  0.385714300000000E+001  0.140001346166790E+001
 0.351562500000000E-001  0.385714299999999E+001  0.262936900000000E+001  0.103333300000000E+002  0.385714299999999E+001  0.140001346166790E+001
 0.377604166666667E-001  0.385714299999999E+001  0.262936900000000E+001  0.103333300000000E+002  0.385714299999999E+001  0.140001346166790E+001
 0.403645833333333E-001  0.385714299999999E+001  0.262936900000000E+001  0.103333300000000E+002  0.385714299999999E+001  0.140001346166790E+001
 0.429687500000000E-001  0.385714299999999E+001  0.262936900000000E+001  0.103333300000000E+002  0.385714299999999E+001  0.140001346166790E+001
 0.455729166666667E-001  0.385714299999999E+001  0.262936900000000E+001  0.103333300000000E+002  0.385714299999999E+001  0.140001346166790E+001
 0.481770833333333E-001  0.385714299999999E+001  0.262936900000000E+001  0.103333300000000E+002  0.385714299999999E+001  0.140001346166790E+001
 0.507812500000000E-001  0.385714299999999E+001  0.262936900000000E+001  0.103333300000000E+002  0.385714299999999E+001  0.140001346166790E+001
 0.533854166666667E-001  0.385714299999999E+001  0.262936900000000E+001  0.103333300000000E+002  0.385714299999999E+001  0.140001346166790E+001
 0.559895833333333E-001  0.385714300000000E+001  0.262936900000000E+001  0.103333300000000E+002  0.385714300000000E+001  0.140001346166790E+001
 0.585937500000000E-001  0.385714300000001E+001  0.262936899999999E+001  0.103333300000000E+002  0.385714300000001E+001  0.140001346166790E+001
 0.611979166666667E-001  0.385714300000001E+001  0.262936899999999E+001  0.103333300000001E+002  0.385714300000001E+001  0.140001346166790E+001
 0.638020833333333E-001  0.385714300000001E+001  0.262936899999999E+001  0.103333300000000E+002  0.385714300000001E+001  0.140001346166790E+001
 0.664062500000000E-001  0.385714299999998E+001  0.262936900000001E+001  0.103333299999999E+002  0.385714299999998E+001  0.140001346166790E+001
 0.690104166666667E-001  0.385714299999993E+001  0.262936900000003E+001  0.103333299999997E+002  0.385714299999993E+001  0.140001346166790E+001
 0.716145833333333E-001  0.385714299999987E+001  0.262936900000006E+001  0.103333299999995E+002  0.385714299999987E+001  0.140001346166790E+001
 0.742187500000000E-001  0.385714299999987E+001  0.262936900000006E+001  0.103333299999995E+002  0.385714299999987E+001  0.140001346166790E+001
 0.768229166666667E-001  0.385714300000001E+001  0.262936899999999E+001  0.103333300000001E+002  0.385714300000001E+001  0.140001346166790E+001
 0.794270833333333E-001  0.385714300000031E+001  0.262936899999984E+001  0.103333300000012E+002  0.385714300000031E+001  0.140001346166790E+001
 0.820312500000000E-001  0.385714300000074E+001  0.262936899999963E+001  0.103333300000028E+002  0.385714300000074E+001  0.140001346166790E+001
 0.846354166666667E-001  0.385714300000110E+001  0.262936899999945E+001  0.103333300000041E+002  0.385714300000110E+001  0.140001346166790E+001
 0.872395833333333E-001  0.385714300000074E+001  0.262936899999962E+001  0.103333300000028E+002  0.385714300000074E+001  0.140001346166790E+001
 0.898437500000000E-001  0.385714299999905E+001  0.262936900000047E+001  0.103333299999965E+002  0.385714299999905E+001  0.140001346166790E+001
 0.924479166666667E-001  0.385714299999598E+001  0.262936900000202E+001  0.103333299999849E+002  0.385714299999598E+001  0.140001346166790E+001
 0.950520833333333E-001  0.385714299999274E+001  0.262936900000364E+001  0.103333299999728E+002  0.385714299999274E+001  0.140001346166790E+001
 0.976562500000000E-001  0.385714299999277E+001  0.262936900000363E+001  0.103333299999729E+002  0.385714299999277E+001  0.140001346166790E+001
 0.100260416666667E+000  0.385714299999814E+001  0.262936900000093E+001  0.103333299999930E+002  0.385714299999814E+001  0.140001346166790E+001
 0.102864583333333E+000  0.385714300001412E+001  0.262936899999291E+001  0.103333300000530E+002  0.385714300001412E+001  0.140001346166790E+001
 0.105468750000000E+000  0.385714300004035E+001  0.262936899997974E+001  0.103333300001513E+002  0.385714300004035E+001  0.140001346166790E+001
 0.108072916666667E+000  0.385714300006759E+001  0.262936899996606E+001  0.103333300002535E+002  0.385714300006759E+001  0.140001346166790E+001
 0.110677083333333E+000  0.385714300005824E+001  0.262936899997076E+001  0.103333300002184E+002  0.385714300005824E+001  0.140001346166790E+001
 0.113281250000000E+000  0.385714299998002E+001  0.262936900001003E+001  0.103333299999251E+002  0.385714299998002E+001  0.140001346166790E+001
 0.115885416666667E+000  0.385714299981532E+001  0.262936900009273E+001  0.103333299993073E+002  0.385714299981532E+001  0.140001346166790E+001
 0.118489583333333E+000  0.385714299960447E+001  0.262936900019859E+001  0.103333299985165E+002  0.385714299960447E+001  0.140001346166790E+001
 0.121093750000000E+000  0.385714299947536E+001  0.262936900026342E+001  0.103333299980322E+002  0.385714299947536E+001  0.140001346166790E+001
 0.123697916666667E+000  0.385714299969530E+001  0.262936900015299E+001  0.103333299988572E+002  0.385714299969530E+001  0.140001346166790E+001
 0.126302083333333E+000  0.385714300041355E+001  0.262936899979236E+001  0.103333300015511E+002  0.385714300041355E+001  0.140001346166790E+001
 0.128906250000000E+000  0.385714300166371E+001  0.262936899916466E+001  0.103333300062400E+002  0.385714300166371E+001  0.140001346166790E+001
 0.131510416666667E+000  0.385714300318303E+001  0.262936899840181E+001  0.103333300119384E+002  0.385714300318303E+001  0.140001346166790E+001
 0.134114583333333E+000  0.385714300411552E+001  0.262936899793361E+001  0.103333300154359E+002  0.385714300411552E+001  0.140001346166790E+001
 0.136718750000000E+000  0.385714300253763E+001  0.262936899872586E+001  0.103333300095178E+002  0.385714300253763E+001  0.140001346166790E+001
 0.139322916666667E+000  0.385714299729069E+001  0.262936900136034E+001  0.103333299898383E+002  0.385714299729069E+001  0.140001346166790E+001
 0.141927083333333E+000  0.385714298649091E+001  0.262936900678288E+001  0.103333299493321E+002  0.385714298649091E+001  0.140001346166790E+001
 0.144531250000000E+000  0.385714296848983E+001  0.262936901582116E+001  0.103333298818163E+002  0.385714296848983E+001  0.140001346166790E+001
 0.147135416666667E+000  0.385714294045993E+001  0.262936902989489E+001  0.103333297766859E+002  0.385714294045993E+001  0.140001346166790E+001
 0.149739583333333E+000  0.385714289699879E+001  0.262936905171660E+001  0.103333296136783E+002  0.385714289699879E+001  0.140001346166790E+001
 0.152343750000000E+000  0.385714282552852E+001  0.262936908760162E+001  0.103333293456182E+002  0.385714282552852E+001  0.140001346166790E+001
 0.154947916666667E+000  0.385714270918013E+001  0.262936914601979E+001  0.103333289092359E+002  0.385714270918013E+001  0.140001346166790E+001
 0.157552083333333E+000  0.385714252025591E+001  0.262936924087809E+001  0.103333282006469E+002  0.385714252025591E+001  0.140001346166790E+001
 0.160156250000000E+000  0.385714221417716E+001  0.262936939455934E+001  0.103333270526521E+002  0.385714221417716E+001  0.140001346166790E+001
 0.162760416666667E+000  0.385714172005690E+001  0.262936964265570E+001  0.103333251993792E+002  0.385714172005690E+001  0.140001346166790E+001
 0.165364583333333E+000  0.385714092609216E+001  0.262937004130317E+001  0.103333222214943E+002  0.385714092609216E+001  0.140001346166790E+001
 0.167968750000000E+000  0.385713965665556E+001  0.262937067868385E+001  0.103333174602808E+002  0.385713965665556E+001  0.140001346166790E+001
 0.170572916666667E+000  0.385713763767212E+001  0.262937169241032E+001  0.103333098877800E+002  0.385713763767212E+001  0.140001346166790E+001
 0.173177083333333E+000  0.385713444378675E+001  0.262937329605274E+001  0.103332979086365E+002  0.385713444378675E+001  0.140001346166790E+001
 0.175781250000000E+000  0.385712941825514E+001  0.262937581936287E+001  0.103332790596392E+002  0.385712941825514E+001  0.140001346166790E+001
 0.178385416666667E+000  0.385712155289511E+001  0.262937976855121E+001  0.103332495594648E+002  0.385712155289511E+001  0.140001346166790E+001
 0.180989583333333E+000  0.385710930874832E+001  0.262938591633353E+001  0.103332036360695E+002  0.385710930874832E+001  0.140001346166790E+001
 0.183593750000000E+000  0.385709034975140E+001  0.262939543567365E+001  0.103331325277941E+002  0.385709034975140E+001  0.140001346166790E+001
 0.186197916666667E+000  0.385706114910765E+001  0.262941009740992E+001  0.103330230071484E+002  0.385706114910765E+001  0.140001346166790E+001
 0.188802083333333E+000  0.385701641114669E+001  0.262943256071995E+001  0.103328552124867E+002  0.385701641114669E+001  0.140001346166790E+001
 0.191406250000000E+000  0.385694822585136E+001  0.262946679740377E+001  0.103325994775530E+002  0.385694822585136E+001  0.140001346166790E+001
 0.194010416666667E+000  0.385684484164752E+001  0.262951870885687E+001  0.103322117295087E+002  0.385684484164752E+001  0.140001346166790E+001
 0.196614583333333E+000  0.385668889374932E+001  0.262959701595973E+001  0.103316268477811E+002  0.385668889374932E+001  0.140001346166790E+001
 0.199218750000000E+000  0.385645486420177E+001  0.262971453394037E+001  0.103307491475308E+002  0.385645486420177E+001  0.140001346166790E+001
 0.201822916666667E+000  0.385610498604778E+001  0.262989024243444E+001  0.103294369790539E+002  0.385610498604778E+001  0.140001346166790E+001
 0.204427083333333E+000  0.385561267177322E+001  0.263013748210592E+001  0.103275907710196E+002  0.385561267177322E+001  0.140001346166790E+001
 0.207031250000000E+000  0.385513102051807E+001  0.263037940809577E+001  0.103257846395095E+002  0.385513102051807E+001  0.140001346166790E+001
 0.209635416666667E+000  0.385483744955611E+001  0.263052687449067E+001  0.103246838161861E+002  0.385483744955611E+001  0.140001346166790E+001
 0.212239583333333E+000  0.385470389663166E+001  0.263059396355953E+001  0.103241830277011E+002  0.385470389663166E+001  0.140001346166790E+001
 0.214843750000000E+000  0.385466176550724E+001  0.263061512746216E+001  0.103240250457263E+002  0.385466176550724E+001  0.140001346166790E+001
 0.217447916666667E+000  0.385469559412483E+001  0.263059813388748E+001  0.103241518919956E+002  0.385469559412483E+001  0.140001346166790E+001
 0.220052083333333E+000  0.385482489516616E+001  0.263053317321066E+001  0.103246367587973E+002  0.385482489516616E+001  0.140001346166790E+001
 0.222656250000000E+000  0.385515670002782E+001  0.263036648723155E+001  0.103258810561223E+002  0.385515670002782E+001  0.140001346166790E+001
 0.225260416666667E+000  0.385583976136894E+001  0.263002338709385E+001  0.103284427828778E+002  0.385583976136894E+001  0.140001346166790E+001
 0.227864583333333E+000  0.385709101464167E+001  0.262939468787723E+001  0.103331360422498E+002  0.385709101464167E+001  0.140001346166790E+001
 0.230468750000000E+000  0.385922901415098E+001  0.262832164622489E+001  0.103411567948435E+002  0.385922901415098E+001  0.140001346166790E+001
 0.233072916666667E+000  0.386270396398420E+001  0.262657614527751E+001  0.103541970032759E+002  0.386270396398420E+001  0.140001346166790E+001
 0.235677083333333E+000  0.386815323734145E+001  0.262384679133301E+001  0.103746544852979E+002  0.386815323734145E+001  0.140001346166790E+001
 0.238281250000000E+000  0.387642622092050E+001  0.261970286970326E+001  0.104057231933914E+002  0.387642622092050E+001  0.140001346166790E+001
 0.240885416666667E+000  0.388864699351106E+001  0.261359532479148E+001  0.104517048758021E+002  0.388864699351106E+001  0.140001346166790E+001
 0.243489583333333E+000  0.390621019839882E+001  0.260484619467624E+001  0.105178384420054E+002  0.390621019839882E+001  0.140001346166790E+001
 0.246093750000000E+000  0.392968581278098E+001  0.259319386862606E+001  0.106064635382158E+002  0.392968581278098E+001  0.140001346166790E+001
 0.248697916666667E+000  0.395407916350572E+001  0.258115296929642E+001  0.106988171461939E+002  0.395407916350572E+001  0.140001346166790E+001
 0.251302083333333E+000  0.397267272609318E+001  0.257201580000729E+001  0.107693652238716E+002  0.397267272609318E+001  0.140001346166790E+001
 0.253906250000000E+000  0.398510989976797E+001  0.256592284033772E+001  0.108166279139992E+002  0.398510989976797E+001  0.140001346166790E+001
 0.256510416666667E+000  0.399288270318557E+001  0.256212335569709E+001  0.108461892136335E+002  0.399288270318557E+001  0.140001346166790E+001
 0.259114583333333E+000  0.399733383082931E+001  0.255994997131942E+001  0.108631256022745E+002  0.399733383082931E+001  0.140001346166790E+001
 0.261718750000000E+000  0.399953565632755E+001  0.255887540931316E+001  0.108715053997355E+002  0.399953565632755E+001  0.140001346166790E+001
 0.264322916666667E+000  0.400033727893730E+001  0.255848421051855E+001  0.108745573571517E+002  0.400033727893730E+001  0.140001346166790E+001
 0.266927083333333E+000  0.400046769290915E+001  0.255842042612551E+001  0.108750552113142E+002  0.400046769290915E+001  0.140001346166790E+001
 0.269531250000000E+000  0.400017724257922E+001  0.255856186147130E+001  0.108739516819788E+002  0.400017724257922E+001  0.140001346166790E+001
 0.272135416666667E+000  0.399910160955255E+001  0.255908596566985E+001  0.108698609832176E+002  0.399910160955255E+001  0.140001346166790E+001
 0.274739583333333E+000  0.399675632382366E+001  0.256022971407920E+001  0.108609414644907E+002  0.399675632382366E+001  0.140001346166790E+001
 0.277343750000000E+000  0.399255898315697E+001  0.256227887536835E+001  0.108449805674435E+002  0.399255898315697E+001  0.140001346166790E+001
 0.279947916666667E+000  0.398590610176365E+001  0.256552904995104E+001  0.108196859653510E+002  0.398590610176365E+001  0.140001346166790E+001
 0.282552083333333E+000  0.397628528482273E+001  0.257023362734961E+001  0.107831493846851E+002  0.397628528482273E+001  0.140001346166790E+001
 0.285156250000000E+000  0.396341373965034E+001  0.257654884003617E+001  0.107343224614783E+002  0.396341373965034E+001  0.140001346166790E+001
 0.287760416666667E+000  0.394733285153010E+001  0.258446315770501E+001  0.106733978721240E+002  0.394733285153010E+001  0.140001346166790E+001
 0.290364583333333E+000  0.392854275963912E+001  0.259373675605242E+001  0.106023363752389E+002  0.392854275963912E+001  0.140001346166790E+001
 0.292968750000000E+000  0.390800565043546E+001  0.260391515713399E+001  0.105248072484995E+002  0.390800565043546E+001  0.140001346166790E+001
 0.295572916666667E+000  0.388670055945260E+001  0.261452362905410E+001  0.104445814446309E+002  0.388670055945260E+001  0.140001346166790E+001
 0.298177083333333E+000  0.386515388737732E+001  0.262530436078673E+001  0.103636275356941E+002  0.386515388737732E+001  0.140001346166790E+001
 0.300781250000000E+000  0.384334846514346E+001  0.263625831884733E+001  0.102818556975904E+002  0.384334846514346E+001  0.140001346166790E+001
 0.303385416666667E+000  0.382097709984227E+001  0.264754283395523E+001  0.101981567141259E+002  0.382097709984227E+001  0.140001346166790E+001
 0.305989583333333E+000  0.379782617946598E+001  0.265928504956168E+001  0.101117398686542E+002  0.379782617946598E+001  0.140001346166790E+001
 0.308593750000000E+000  0.377430799062059E+001  0.267127453572713E+001  0.100242007933838E+002  0.377430799062059E+001  0.140001346166790E+001
 0.311197916666667E+000  0.375197906660825E+001  0.268270692888699E+001  0.994131101091993E+001  0.375197906660825E+001  0.140001346166790E+001
 0.313802083333333E+000  0.373285321515793E+001  0.269253906062406E+001  0.987045868141033E+001  0.373285321515793E+001  0.140001346166790E+001
 0.316406250000000E+000  0.371808504164824E+001  0.270016009506537E+001  0.981586277311714E+001  0.371808504164824E+001  0.140001346166790E+001
 0.319010416666667E+000  0.370775130015798E+001  0.270551094370673E+001  0.977771385492656E+001  0.370775130015798E+001  0.140001346166790E+001
 0.321614583333333E+000  0.370127858141639E+001  0.270886879804796E+001  0.975383479966917E+001  0.370127858141639E+001  0.140001346166790E+001
 0.324218750000000E+000  0.369785265161571E+001  0.271064635616918E+001  0.974120098048546E+001  0.369785265161571E+001  0.140001346166790E+001
 0.326822916666667E+000  0.369658524003097E+001  0.271130320547942E+001  0.973652875348458E+001  0.369658524003097E+001  0.140001346166790E+001
 0.329427083333333E+000  0.369648160149679E+001  0.271135613141504E+001  0.973614906008188E+001  0.369648160149679E+001  0.140001346166790E+001
 0.332031250000000E+000  0.369718161375675E+001  0.271099187632336E+001  0.973873479608787E+001  0.369718161375675E+001  0.140001346166790E+001
 0.334635416666667E+000  0.369959237007556E+001  0.270973756171270E+001  0.974763532650105E+001  0.369959237007556E+001  0.140001346166790E+001
 0.337239583333333E+000  0.370511117605684E+001  0.270687025786288E+001  0.976801906230551E+001  0.370511117605684E+001  0.140001346166790E+001
 0.339843750000000E+000  0.371584367235772E+001  0.270131279976814E+001  0.980769287631361E+001  0.371584367235772E+001  0.140001346166790E+001
 0.342447916666667E+000  0.373471245295234E+001  0.269151994075842E+001  0.987753347684881E+001  0.373471245295234E+001  0.140001346166790E+001
 0.345052083333333E+000  0.376584257546553E+001  0.267556208368294E+001  0.999301164409400E+001  0.376584257546553E+001  0.140001346166790E+001
 0.347656250000000E+000  0.381383754287814E+001  0.265102773583999E+001  0.101717544673948E+002  0.381383754287814E+001  0.140001346166790E+001
 0.350260416666667E+000  0.387570785104457E+001  0.261981003906835E+001  0.104039822950725E+002  0.387570785104457E+001  0.140001346166790E+001
 0.352864583333333E+000  0.392941327142750E+001  0.259307418436643E+001  0.106068145750521E+002  0.392941327142750E+001  0.140001346166790E+001
 0.355468750000000E+000  0.396499242084250E+001  0.257552081458961E+001  0.107417792720042E+002  0.396499242084250E+001  0.140001346166790E+001
 0.358072916666667E+000  0.398694504133407E+001  0.256475823714569E+001  0.108252398991433E+002  0.398694504133407E+001  0.140001346166790E+001
 0.360677083333333E+000  0.399961879844576E+001  0.255856576601916E+001  0.108734891845450E+002  0.399961879844576E+001  0.140001346166790E+001
 0.363281250000000E+000  0.400633234596552E+001  0.255529047089040E+001  0.108990657980194E+002  0.400633234596552E+001  0.140001346166790E+001
 0.365885416666667E+000  0.400941291532664E+001  0.255378829552270E+001  0.109108123472742E+002  0.400941291532664E+001  0.140001346166790E+001
 0.368489583333333E+000  0.401036350026145E+001  0.255332383490564E+001  0.109144478883309E+002  0.401036350026145E+001  0.140001346166790E+001
 0.371093750000000E+000  0.401025271335225E+001  0.255337587711493E+001  0.109140414032897E+002  0.401025271335225E+001  0.140001346166790E+001
 0.373697916666667E+000  0.400939395596223E+001  0.255379174612071E+001  0.109107865559869E+002  0.400939395596223E+001  0.140001346166790E+001
 0.376302083333333E+000  0.400704410992233E+001  0.255493224590176E+001  0.109018550005688E+002  0.400704410992233E+001  0.140001346166790E+001
 0.378906250000000E+000  0.400235869021445E+001  0.255721292433287E+001  0.108840375185358E+002  0.400235869021445E+001  0.140001346166790E+001
 0.381510416666667E+000  0.399449751349917E+001  0.256104532840997E+001  0.108541463397314E+002  0.399449751349917E+001  0.140001346166790E+001
 0.384114583333333E+000  0.398281101664848E+001  0.256674742830365E+001  0.108097212452524E+002  0.398281101664848E+001  0.140001346166790E+001
 0.386718750000000E+000  0.396703291978495E+001  0.257447199470784E+001  0.107498512660465E+002  0.396703291978495E+001  0.140001346166790E+001
 0.389322916666667E+000  0.394750466566312E+001  0.258408497566278E+001  0.106758478012505E+002  0.394750466566312E+001  0.140001346166790E+001
 0.391927083333333E+000  0.392528567531744E+001  0.259506453777013E+001  0.105918258355818E+002  0.392528567531744E+001  0.140001346166790E+001
 0.394531250000000E+000  0.390184857085360E+001  0.260667633382126E+001  0.105034346094729E+002  0.390184857085360E+001  0.140001346166790E+001
 0.397135416666667E+000  0.387827309350291E+001  0.261842426700915E+001  0.104146829961781E+002  0.387827309350291E+001  0.140001346166790E+001
 0.399739583333333E+000  0.385476193901869E+001  0.263021447044363E+001  0.103264344083052E+002  0.385476193901869E+001  0.140001346166790E+001
 0.402343750000000E+000  0.383100873889460E+001  0.264219057740768E+001  0.102374860934832E+002  0.383100873889460E+001  0.140001346166790E+001
 0.404947916666667E+000  0.380658779346739E+001  0.265454588512306E+001  0.101462159447640E+002  0.380658779346739E+001  0.140001346166790E+001
 0.407552083333333E+000  0.378142789785985E+001  0.266732137200726E+001  0.100524887161255E+002  0.378142789785985E+001  0.140001346166790E+001
 0.410156250000000E+000  0.375651276439009E+001  0.268006600819568E+001  0.995989754389035E+001  0.375651276439009E+001  0.140001346166790E+001
 0.412760416666667E+000  0.373379794618414E+001  0.269175608195284E+001  0.987573841095301E+001  0.373379794618414E+001  0.140001346166790E+001
 0.415364583333333E+000  0.371506119129507E+001  0.270142903480286E+001  0.980650767815616E+001  0.371506119129507E+001  0.140001346166790E+001
 0.417968750000000E+000  0.370105220477486E+001  0.270867406913085E+001  0.975481849165534E+001  0.370105220477486E+001  0.140001346166790E+001
 0.420572916666667E+000  0.369164910416974E+001  0.271355297203340E+001  0.972016547160784E+001  0.369164910416974E+001  0.140001346166790E+001
 0.423177083333333E+000  0.368609606239789E+001  0.271644381101926E+001  0.969971623499630E+001  0.368609606239789E+001  0.140001346166790E+001
 0.425781250000000E+000  0.368333411008705E+001  0.271788186962589E+001  0.968955529977151E+001  0.368333411008705E+001  0.140001346166790E+001
 0.428385416666667E+000  0.368244646964640E+001  0.271834379369440E+001  0.968630062460781E+001  0.368244646964640E+001  0.140001346166790E+001
 0.430989583333333E+000  0.368271778403181E+001  0.271820033191966E+001  0.968731558347075E+001  0.368271778403181E+001  0.140001346166790E+001
 0.433593750000000E+000  0.368399087885942E+001  0.271753386794814E+001  0.969202313584372E+001  0.368399087885942E+001  0.140001346166790E+001
 0.436197916666667E+000  0.368753367474539E+001  0.271567962763901E+001  0.970510231853689E+001  0.368753367474539E+001  0.140001346166790E+001
 0.438802083333333E+000  0.369519164996163E+001  0.271169338324974E+001  0.973337787894556E+001  0.369519164996163E+001  0.140001346166790E+001
 0.441406250000000E+000  0.370953782109408E+001  0.270421188473532E+001  0.978639338253632E+001  0.370953782109408E+001  0.140001346166790E+001
 0.444010416666667E+000  0.373427692419137E+001  0.269141902906668E+001  0.987797800151174E+001  0.373427692419137E+001  0.140001346166790E+001
 0.446614583333333E+000  0.377426888708529E+001  0.267089593436668E+001  0.100263196658944E+002  0.377426888708529E+001  0.140001346166790E+001
 0.449218750000000E+000  0.383375469400238E+001  0.264054396862310E+001  0.102485096808573E+002  0.383375469400238E+001  0.140001346166790E+001
 0.451822916666667E+000  0.390078091359947E+001  0.260690112508431E+001  0.105008526115844E+002  0.390078091359947E+001  0.140001346166790E+001
 0.454427083333333E+000  0.395113172521195E+001  0.258194032430796E+001  0.106916057466492E+002  0.395113172521195E+001  0.140001346166790E+001
 0.457031250000000E+000  0.398321549238901E+001  0.256617803901884E+001  0.108135800177077E+002  0.398321549238901E+001  0.140001346166790E+001
 0.459635416666667E+000  0.400251745688293E+001  0.255674682433304E+001  0.108871072808874E+002  0.400251745688293E+001  0.140001346166790E+001
 0.462239583333333E+000  0.401329324229741E+001  0.255149302477495E+001  0.109282028142640E+002  0.401329324229741E+001  0.140001346166790E+001
 0.464843750000000E+000  0.401865475352704E+001  0.254887959883353E+001  0.109486767803970E+002  0.401865475352704E+001  0.140001346166790E+001
 0.467447916666667E+000  0.402088060342731E+001  0.254779298438503E+001  0.109572009953779E+002  0.402088060342731E+001  0.140001346166790E+001
 0.470052083333333E+000  0.402150765014956E+001  0.254748372390319E+001  0.109596305946567E+002  0.402150765014956E+001  0.140001346166790E+001
 0.472656250000000E+000  0.402111389929683E+001  0.254767021359678E+001  0.109581681552633E+002  0.402111389929683E+001  0.140001346166790E+001
 0.475260416666667E+000  0.401974684186517E+001  0.254832906932445E+001  0.109529955453064E+002  0.401974684186517E+001  0.140001346166790E+001
 0.477864583333333E+000  0.401648541634899E+001  0.254990834467954E+001  0.109406042645123E+002  0.401648541634899E+001  0.140001346166790E+001
 0.480468750000000E+000  0.401042695988765E+001  0.255284389714369E+001  0.109175654705690E+002  0.401042695988765E+001  0.140001346166790E+001
 0.483072916666667E+000  0.400077921000478E+001  0.255753029733699E+001  0.108808841081334E+002  0.400077921000478E+001  0.140001346166790E+001
 0.485677083333333E+000  0.398698675086075E+001  0.256426495884094E+001  0.108284776638971E+002  0.398698675086075E+001  0.140001346166790E+001
 0.488281250000000E+000  0.396889230845806E+001  0.257312365219765E+001  0.107597625091971E+002  0.396889230845806E+001  0.140001346166790E+001
 0.490885416666667E+000  0.394696689303365E+001  0.258388017501231E+001  0.106767002937058E+002  0.394696689303365E+001  0.140001346166790E+001
 0.493489583333333E+000  0.392240412024971E+001  0.259600401423734E+001  0.105838603935609E+002  0.392240412024971E+001  0.140001346166790E+001
 0.496093750000000E+000  0.389653733076673E+001  0.260886824677876E+001  0.104863469163695E+002  0.389653733076673E+001  0.140001346166790E+001
 0.498697916666667E+000  0.387013124106503E+001  0.262205942298019E+001  0.103870735161592E+002  0.387013124106503E+001  0.140001346166790E+001
 0.501302083333333E+000  0.384329616804127E+001  0.263549939861793E+001  0.102864799124272E+002  0.384329616804127E+001  0.140001346166790E+001
 0.503906250000000E+000  0.381586024451935E+001  0.264931449922326E+001  0.101839450108059E+002  0.381586024451935E+001  0.140001346166790E+001
 0.506510416666667E+000  0.378780232506712E+001  0.266356527190105E+001  0.100794094209516E+002  0.378780232506712E+001  0.140001346166790E+001
 0.509114583333333E+000  0.375978819489596E+001  0.267789128388773E+001  0.997536202518102E+001  0.375978819489596E+001  0.140001346166790E+001
 0.511718750000000E+000  0.373353570486903E+001  0.269136016370061E+001  0.987814632514822E+001  0.373353570486903E+001  0.140001346166790E+001
 0.514322916666667E+000  0.371109576858028E+001  0.270291487583659E+001  0.979526064409469E+001  0.371109576858028E+001  0.140001346166790E+001
 0.516927083333333E+000  0.369364930465512E+001  0.271195352802746E+001  0.973095438799211E+001  0.369364930465512E+001  0.140001346166790E+001
 0.519531250000000E+000  0.368126699710908E+001  0.271840280132099E+001  0.968540558738237E+001  0.368126699710908E+001  0.140001346166790E+001
 0.522135416666667E+000  0.367335705112055E+001  0.272252330648120E+001  0.965637658280558E+001  0.367335705112055E+001  0.140001346166790E+001
 0.524739583333333E+000  0.366905968870144E+001  0.272475456395984E+001  0.964067258580234E+001  0.366905968870144E+001  0.140001346166790E+001
 0.527343750000000E+000  0.366732765985209E+001  0.272563843656422E+001  0.963443059110595E+001  0.366732765985209E+001  0.140001346166790E+001
 0.529947916666667E+000  0.366694015726588E+001  0.272581507303913E+001  0.963316219829410E+001  0.366694015726588E+001  0.140001346166790E+001
 0.532552083333333E+000  0.366745406955977E+001  0.272552508924309E+001  0.963519197707318E+001  0.366745406955977E+001  0.140001346166790E+001
 0.535156250000000E+000  0.366972355623399E+001  0.272432741931111E+001  0.964362018018839E+001  0.366972355623399E+001  0.140001346166790E+001
 0.537760416666667E+000  0.367517917339433E+001  0.272146593817063E+001  0.966373778194238E+001  0.367517917339433E+001  0.140001346166790E+001
 0.540364583333333E+000  0.368604020928754E+001  0.271581251613630E+001  0.970373936003971E+001  0.368604020928754E+001  0.140001346166790E+001
 0.542968750000000E+000  0.370541129481172E+001  0.270567697940686E+001  0.977525778414016E+001  0.370541129481172E+001  0.140001346166790E+001
 0.545572916666667E+000  0.373799003103542E+001  0.268891931904929E+001  0.989556025929095E+001  0.373799003103542E+001  0.140001346166790E+001
 0.548177083333333E+000  0.378912500693508E+001  0.266267696322267E+001  0.100853548657140E+002  0.378912500693508E+001  0.140001346166790E+001
 0.550781250000000E+000  0.385927114307542E+001  0.262703968711590E+001  0.103482109775715E+002  0.385927114307542E+001  0.140001346166790E+001
 0.553385416666667E+000  0.392645009798747E+001  0.259377760501278E+001  0.106001249134642E+002  0.392645009798747E+001  0.140001346166790E+001
 0.555989583333333E+000  0.397293863297999E+001  0.257132709034780E+001  0.107729540977563E+002  0.397293863297999E+001  0.140001346166790E+001
 0.558593750000000E+000  0.400289659243620E+001  0.255738964533594E+001  0.108813510791812E+002  0.400289659243620E+001  0.140001346166790E+001
 0.561197916666667E+000  0.402197166292171E+001  0.254919953881615E+001  0.109457298308156E+002  0.402197166292171E+001  0.140001346166790E+001
 0.563802083333333E+000  0.403441634247510E+001  0.254471556179965E+001  0.109810986550629E+002  0.403441634247510E+001  0.140001346166790E+001
 0.566406250000000E+000  0.404341392145649E+001  0.254256540846379E+001  0.109981575923548E+002  0.404341392145649E+001  0.140001346166790E+001
 0.569010416666667E+000  0.405132737404047E+001  0.254178933024025E+001  0.110044220107749E+002  0.405132737404047E+001  0.140001346166790E+001
 0.571614583333333E+000  0.405923935566458E+001  0.254164641810774E+001  0.110057273970201E+002  0.405923935566458E+001  0.140001346166790E+001
 0.574218750000000E+000  0.406522451228529E+001  0.254189257534130E+001  0.110040036854860E+002  0.406522451228529E+001  0.140001346166790E+001
 0.576822916666667E+000  0.406761106162039E+001  0.254280041548462E+001  0.109970909977412E+002  0.406761106162039E+001  0.140001346166790E+001
 0.579427083333333E+000  0.406601936033232E+001  0.254476856547454E+001  0.109818398458451E+002  0.406601936033232E+001  0.140001346166790E+001
 0.582031250000000E+000  0.406005049911945E+001  0.254824527767038E+001  0.109547471123922E+002  0.406005049911945E+001  0.140001346166790E+001
 0.584635416666667E+000  0.404928611314399E+001  0.255366509988504E+001  0.109124841376886E+002  0.404928611314399E+001  0.140001346166790E+001
 0.587239583333333E+000  0.403344993917661E+001  0.256134465720265E+001  0.108527296531164E+002  0.403344993917661E+001  0.140001346166790E+001
 0.589843750000000E+000  0.401263455110902E+001  0.257138202108340E+001  0.107749549634713E+002  0.401263455110902E+001  0.140001346166790E+001
 0.592447916666667E+000  0.398711939086811E+001  0.258356602841137E+001  0.106808986360104E+002  0.398711939086811E+001  0.140001346166790E+001
 0.595052083333333E+000  0.395784180766142E+001  0.259740677687230E+001  0.105748840352406E+002  0.395784180766142E+001  0.140001346166790E+001
 0.597656250000000E+000  0.392596102769599E+001  0.261228043688906E+001  0.104620165981895E+002  0.392596102769599E+001  0.140001346166790E+001
 0.600260416666667E+000  0.389231344390547E+001  0.262774466996897E+001  0.103458142087829E+002  0.389231344390547E+001  0.140001346166790E+001
 0.602864583333333E+000  0.385749262413532E+001  0.264365400145036E+001  0.102274150707969E+002  0.385749262413532E+001  0.140001346166790E+001
 0.605468750000000E+000  0.382239286107160E+001  0.265997421153704E+001  0.101071027609271E+002  0.382239286107160E+001  0.140001346166790E+001
 0.608072916666667E+000  0.378790047303831E+001  0.267640961204814E+001  0.998727220643445E+001  0.378790047303831E+001  0.140001346166790E+001
 0.610677083333333E+000  0.375559056968177E+001  0.269204758026843E+001  0.987452649288994E+001  0.375559056968177E+001  0.140001346166790E+001
 0.613281250000000E+000  0.372760349794774E+001  0.270564721294255E+001  0.977740951443057E+001  0.372760349794774E+001  0.140001346166790E+001
 0.615885416666667E+000  0.370523816720872E+001  0.271639082030090E+001  0.970123005791384E+001  0.370523816720872E+001  0.140001346166790E+001
 0.618489583333333E+000  0.368851069681519E+001  0.272411858285073E+001  0.964665092616464E+001  0.368851069681519E+001  0.140001346166790E+001
 0.621093750000000E+000  0.367660612100754E+001  0.272910166824363E+001  0.961151987525627E+001  0.367660612100754E+001  0.140001346166790E+001
 0.623697916666667E+000  0.366833011540522E+001  0.273184363233741E+001  0.959218427467476E+001  0.366833011540522E+001  0.140001346166790E+001
 0.626302083333333E+000  0.366300689186690E+001  0.273301446850720E+001  0.958386543411856E+001  0.366300689186690E+001  0.140001346166790E+001
 0.628906250000000E+000  0.366035977775047E+001  0.273334356021192E+001  0.958142262481638E+001  0.366035977775047E+001  0.140001346166790E+001
 0.631510416666667E+000  0.365992547804729E+001  0.273305827157241E+001  0.958324481389280E+001  0.365992547804729E+001  0.140001346166790E+001
 0.634114583333333E+000  0.366168100341550E+001  0.273197928949603E+001  0.959057661521986E+001  0.366168100341550E+001  0.140001346166790E+001
 0.636718750000000E+000  0.366680817851460E+001  0.272930182259039E+001  0.960904690240686E+001  0.366680817851460E+001  0.140001346166790E+001
 0.639322916666667E+000  0.367731455305261E+001  0.272399032925490E+001  0.964602504303502E+001  0.367731455305261E+001  0.140001346166790E+001
 0.641927083333333E+000  0.369635170336284E+001  0.271464529364574E+001  0.971165649939094E+001  0.369635170336284E+001  0.140001346166790E+001
 0.644531250000000E+000  0.372795991198116E+001  0.269940787246153E+001  0.981909550385068E+001  0.372795991198116E+001  0.140001346166790E+001
 0.647135416666667E+000  0.377612101504151E+001  0.267618363083413E+001  0.998520091061610E+001  0.377612101504151E+001  0.140001346166790E+001
 0.649739583333333E+000  0.384161292436951E+001  0.264379986101826E+001  0.102222266181511E+002  0.384161292436951E+001  0.140001346166790E+001
 0.652343750000000E+000  0.391191495918145E+001  0.260876355306549E+001  0.104849397412380E+002  0.391191495918145E+001  0.140001346166790E+001
 0.654947916666667E+000  0.396667202971100E+001  0.258152274498538E+001  0.106924363196316E+002  0.396667202971100E+001  0.140001346166790E+001
 0.657552083333333E+000  0.400344845727682E+001  0.256297100698605E+001  0.108359494552692E+002  0.400344845727682E+001  0.140001346166790E+001
 0.660156250000000E+000  0.402547447091566E+001  0.255084802380454E+001  0.109311229806552E+002  0.402547447091566E+001  0.140001346166790E+001
 0.662760416666667E+000  0.403499232851425E+001  0.254327885410692E+001  0.109907862974384E+002  0.403499232851425E+001  0.140001346166790E+001
 0.665364583333333E+000  0.403569759058601E+001  0.253890659218725E+001  0.110253118719791E+002  0.403569759058601E+001  0.140001346166790E+001
 0.667968750000000E+000  0.403564605994480E+001  0.253670080280669E+001  0.110426707470284E+002  0.403564605994480E+001  0.140001346166790E+001
 0.670572916666667E+000  0.403655351059528E+001  0.253582589322263E+001  0.110493688327899E+002  0.403655351059528E+001  0.140001346166790E+001
 0.673177083333333E+000  0.403775338225874E+001  0.253557899622529E+001  0.110509332930015E+002  0.403775338225874E+001  0.140001346166790E+001
 0.675781250000000E+000  0.404071796666629E+001  0.253577130825240E+001  0.110489163960960E+002  0.404071796666629E+001  0.140001346166790E+001
 0.678385416666667E+000  0.404736079686551E+001  0.253659104574892E+001  0.110418721629345E+002  0.404736079686551E+001  0.140001346166790E+001
 0.680989583333333E+000  0.405862372855606E+001  0.253852043789724E+001  0.110259316136297E+002  0.405862372855606E+001  0.140001346166790E+001
 0.683593750000000E+000  0.406666978170556E+001  0.254209396201419E+001  0.109968867065178E+002  0.406666978170556E+001  0.140001346166790E+001
 0.686197916666667E+000  0.406087802858925E+001  0.254790363981933E+001  0.109504214648866E+002  0.406087802858925E+001  0.140001346166790E+001
 0.688802083333333E+000  0.404333661544950E+001  0.255645495061024E+001  0.108826390248916E+002  0.404333661544950E+001  0.140001346166790E+001
 0.691406250000000E+000  0.401679764438242E+001  0.256804040571540E+001  0.107917100220417E+002  0.401679764438242E+001  0.140001346166790E+001
 0.694010416666667E+000  0.397871806682250E+001  0.258255256320365E+001  0.106795518901095E+002  0.397871806682250E+001  0.140001346166790E+001
 0.696614583333333E+000  0.392637796386557E+001  0.259929075264339E+001  0.105520641269323E+002  0.392637796386557E+001  0.140001346166790E+001
 0.699218750000000E+000  0.385878253934453E+001  0.261733277616286E+001  0.104168896380216E+002  0.385878253934453E+001  0.140001346166790E+001
 0.701822916666667E+000  0.379191432006688E+001  0.263608611485643E+001  0.102786831175704E+002  0.379191432006688E+001  0.140001346166790E+001
 0.704427083333333E+000  0.374211914342703E+001  0.265528533603199E+001  0.101393203393901E+002  0.374211914342703E+001  0.140001346166790E+001
 0.707031250000000E+000  0.370424053238181E+001  0.267440802852308E+001  0.100025563460629E+002  0.370424053238181E+001  0.140001346166790E+001
 0.709635416666667E+000  0.367379058547373E+001  0.269236261194844E+001  0.987596016841011E+001  0.367379058547373E+001  0.140001346166790E+001
 0.712239583333333E+000  0.365739499366964E+001  0.270807352366589E+001  0.976664907676349E+001  0.365739499366964E+001  0.140001346166790E+001
 0.714843750000000E+000  0.366350395526505E+001  0.272101725633702E+001  0.967788284581774E+001  0.366350395526505E+001  0.140001346166790E+001
 0.717447916666667E+000  0.370203944590210E+001  0.273105212887526E+001  0.961067655605599E+001  0.370203944590210E+001  0.140001346166790E+001
 0.720052083333333E+000  0.376472642168605E+001  0.273796243219570E+001  0.956392463751866E+001  0.376472642168605E+001  0.140001346166790E+001
 0.722656250000000E+000  0.380271764103047E+001  0.274190834778313E+001  0.953630510521670E+001  0.380271764103047E+001  0.140001346166790E+001
 0.725260416666667E+000  0.381298725219402E+001  0.274356426037269E+001  0.952439357462820E+001  0.381298725219402E+001  0.140001346166790E+001
 0.727864583333333E+000  0.380904638548862E+001  0.274393764837248E+001  0.952127059094106E+001  0.380904638548862E+001  0.140001346166790E+001
 0.730468750000000E+000  0.379340592204878E+001  0.274337310557143E+001  0.952409013990431E+001  0.379340592204878E+001  0.140001346166790E+001
 0.733072916666667E+000  0.375073274949883E+001  0.274117919234414E+001  0.953712756089294E+001  0.375073274949883E+001  0.140001346166790E+001
 0.735677083333333E+000  0.366230512108231E+001  0.273599232021506E+001  0.956850261551301E+001  0.366230512108231E+001  0.140001346166790E+001
 0.738281250000000E+000  0.351227805908434E+001  0.272602218548982E+001  0.962656736581641E+001  0.351227805908434E+001  0.140001346166790E+001
 0.740885416666667E+000  0.337155739707154E+001  0.270907711022692E+001  0.971463595912053E+001  0.337155739707154E+001  0.140001346166790E+001
 0.743489583333333E+000  0.332933777920684E+001  0.268230157515870E+001  0.981357908611909E+001  0.332933777920684E+001  0.140001346166790E+001
 0.746093750000000E+000  0.333281434619266E+001  0.263832045282218E+001  0.982985814429393E+001  0.333281434619266E+001  0.140001346166790E+001
 0.748697916666667E+000  0.328385458593512E+001  0.254217669844361E+001  0.947309332031856E+001  0.328385458593512E+001  0.140001346166790E+001
 0.751302083333333E+000  0.297981207380299E+001  0.226081442331710E+001  0.789967820129388E+001  0.297981207380299E+001  0.140001346166790E+001
 0.753906250000000E+000  0.200835844644539E+001  0.135667344659145E+001  0.398600489004012E+001  0.200835844644539E+001  0.140001346166790E+001
 0.756510416666667E+000  0.119724600869619E+001  0.204658981846399E+000  0.129133846556158E+001  0.119724600869619E+001  0.140001346166790E+001
 0.759114583333333E+000  0.110793594553136E+001  0.136777149601110E-001  0.101720751290064E+001  0.110793594553136E+001  0.140001346166790E+001
 0.761718750000000E+000  0.112270915093206E+001  0.749973623559106E-003  0.100094446021045E+001  0.112270915093206E+001  0.140001346166790E+001
 0.764322916666667E+000  0.114242635194313E+001  0.401357861948337E-004  0.100005095719182E+001  0.114242635194313E+001  0.140001346166790E+001
 0.766927083333333E+000  0.115775351320275E+001  0.213595131011809E-005  0.100000272667908E+001  0.115775351320275E+001  0.140001346166790E+001
 0.769531250000000E+000  0.116846665140384E+001  0.113136557703246E-006  0.100000014497990E+001  0.116846665140384E+001  0.140001346166790E+001
 0.772135416666667E+000  0.117530775148422E+001  0.605008014297661E-008  0.100000000776874E+001  0.117530775148422E+001  0.140001346166790E+001
 0.774739583333333E+000  0.117920057865218E+001  0.229815466353222E-009  0.100000000029545E+001  0.117920057865218E+001  0.140001346166790E+001
 0.777343750000000E+000  0.118105250980768E+001 -0.851136634561536E-010  0.999999999890516E+000  0.118105250980768E+001  0.140001346166790E+001
 0.779947916666667E+000  0.118165355151517E+001 -0.525536692258158E-011  0.999999999993240E+000  0.118165355151517E+001  0.140001346166790E+001
 0.782552083333333E+000  0.118165355152309E+001  0.203458069440808E-011  0.100000000000262E+001  0.118165355152309E+001  0.140001346166790E+001
 0.785156250000000E+000  0.118105250990060E+001  0.245390956325442E-012  0.100000000000032E+001  0.118105250990060E+001  0.140001346166790E+001
 0.787760416666667E+000  0.117920057841070E+001 -0.507838285509648E-013  0.999999999999935E+000  0.117920057841070E+001  0.140001346166790E+001
 0.790364583333333E+000  0.117530774507607E+001 -0.393006929971828E-014  0.999999999999995E+000  0.117530774507607E+001  0.140001346166790E+001
 0.792968750000000E+000  0.116846653114900E+001  0.142057841909982E-014  0.100000000000000E+001  0.116846653114900E+001  0.140001346166790E+001
 0.795572916666667E+000  0.115775121637415E+001  0.121795823530045E-015  0.100000000000000E+001  0.115775121637415E+001  0.140001346166790E+001
 0.798177083333333E+000  0.114238181820942E+001 -0.327118292487793E-016  0.100000000000000E+001  0.114238181820942E+001  0.140001346166790E+001
 0.800781250000000E+000  0.112198979515933E+001  0.000000000000000E+000  0.100000000000000E+001  0.112198979515933E+001  0.140001346166790E+001
 0.803385416666667E+000  0.109709509071931E+001  0.000000000000000E+000  0.100000000000000E+001  0.109709509071931E+001  0.140001346166790E+001
 0.805989583333333E+000  0.106950503457334E+001  0.000000000000000E+000  0.100000000000000E+001  0.106950503457334E+001  0.140001346166790E+001
 0.808593750000000E+000  0.104137189903901E+001  0.000000000000000E+000  0.100000000000000E+001  0.104137189903901E+001  0.140001346166790E+001
 0.811197916666667E+000  0.101360373649910E+001  0.000000000000000E+000  0.100000000000000E+001  0.101360373649910E+001  0.140001346166790E+001
 0.813802083333333E+000  0.985857460876935E+000  0.000000000000000E+000  0.100000000000000E+001  0.985857460876935E+000  0.140001346166790E+001
 0.816406250000000E+000  0.957476564182701E+000  0.000000000000000E+000  0.100000000000000E+001  0.957476564182701E+000  0.140001346166790E+001
 0.819010416666667E+000  0.928514204457854E+000  0.000000000000000E+000  0.100000000000000E+001  0.928514204457854E+000  0.140001346166790E+001
 0.821614583333333E+000  0.900608748536754E+000  0.000000000000000E+000  0.100000000000000E+001  0.900608748536754E+000  0.140001346166790E+001
 0.824218750000000E+000  0.876221916120303E+000  0.000000000000000E+000  0.100000000000000E+001  0.876221916120303E+000  0.140001346166790E+001
 0.826822916666667E+000  0.856780605441780E+000  0.000000000000000E+000  0.100000000000000E+001  0.856780605441780E+000  0.140001346166790E+001
 0.829427083333333E+000  0.842391802471538E+000  0.000000000000000E+000  0.100000000000000E+001  0.842391802471538E+000  0.140001346166790E+001
 0.832031250000000E+000  0.832483819934652E+000  0.000000000000000E+000  0.100000000000000E+001  0.832483819934652E+000  0.140001346166790E+001
 0.834635416666667E+000  0.826211402654752E+000  0.000000000000000E+000  0.100000000000000E+001  0.826211402654752E+000  0.140001346166790E+001
 0.837239583333333E+000  0.822661815353920E+000  0.000000000000000E+000  0.100000000000000E+001  0.822661815353920E+000  0.140001346166790E+001
 0.839843750000000E+000  0.820978731569668E+000  0.000000000000000E+000  0.100000000000000E+001  0.820978731569668E+000  0.140001346166790E+001
 0.842447916666667E+000  0.820433421768443E+000  0.000000000000000E+000  0.100000000000000E+001  0.820433421768443E+000  0.140001346166790E+001
 0.845052083333333E+000  0.820433421768443E+000  0.000000000000000E+000  0.100000000000000E+001  0.820433421768443E+000  0.140001346166790E+001
 0.847656250000000E+000  0.820978731569668E+000  0.000000000000000E+000  0.100000000000000E+001  0.820978731569668E+000  0.140001346166790E+001
 0.850260416666667E+000  0.822661815353920E+000  0.000000000000000E+000  0.100000000000000E+001  0.822661815353920E+000  0.140001346166790E+001
 0.852864583333333E+000  0.826211402654751E+000  0.000000000000000E+000  0.100000000000000E+001  0.826211402654751E+000  0.140001346166790E+001
 0.855468750000000E+000  0.832483819934650E+000  0.000000000000000E+000  0.100000000000000E+001  0.832483819934650E+000  0.140001346166790E+001
 0.858072916666667E+000  0.842391802471536E+000  0.000000000000000E+000  0.100000000000000E+001  0.842391802471536E+000  0.140001346166790E+001
 0.860677083333333E+000  0.856780605441778E+000  0.000000000000000E+000  0.100000000000000E+001  0.856780605441778E+000  0.140001346166790E+001
 0.863281250000000E+000  0.876221916120306E+000  0.000000000000000E+000  0.100000000000000E+001  0.876221916120306E+000  0.140001346166790E+001
 0.865885416666667E+000  0.900608748536796E+000  0.000000000000000E+000  0.100000000000000E+001  0.900608748536796E+000  0.140001346166790E+001
 0.868489583333333E+000  0.928514204457992E+000  0.000000000000000E+000  0.100000000000000E+001  0.928514204457992E+000  0.140001346166790E+001
 0.871093750000000E+000  0.957476564182805E+000  0.000000000000000E+000  0.100000000000000E+001  0.957476564182805E+000  0.140001346166790E+001
 0.873697916666667E+000  0.985857460876430E+000  0.000000000000000E+000  0.100000000000000E+001  0.985857460876430E+000  0.140001346166790E+001
 0.876302083333333E+000  0.101360373649732E+001  0.000000000000000E+000  0.100000000000000E+001  0.101360373649732E+001  0.140001346166790E+001
 0.878906250000000E+000  0.104137189903728E+001  0.000000000000000E+000  0.100000000000000E+001  0.104137189903728E+001  0.140001346166790E+001
 0.881510416666667E+000  0.106950503457924E+001  0.000000000000000E+000  0.100000000000000E+001  0.106950503457924E+001  0.140001346166790E+001
 0.884114583333333E+000  0.109709509074386E+001  0.000000000000000E+000  0.100000000000000E+001  0.109709509074386E+001  0.140001346166790E+001
 0.886718750000000E+000  0.112198979519452E+001  0.000000000000000E+000  0.100000000000000E+001  0.112198979519452E+001  0.140001346166790E+001
 0.889322916666667E+000  0.114238181821666E+001  0.000000000000000E+000  0.100000000000000E+001  0.114238181821666E+001  0.140001346166790E+001
 0.891927083333333E+000  0.115775121630836E+001  0.000000000000000E+000  0.100000000000000E+001  0.115775121630836E+001  0.140001346166790E+001
 0.894531250000000E+000  0.116846653099696E+001  0.000000000000000E+000  0.100000000000000E+001  0.116846653099696E+001  0.140001346166790E+001
 0.897135416666667E+000  0.117530774488413E+001  0.000000000000000E+000  0.100000000000000E+001  0.117530774488413E+001  0.140001346166790E+001
 0.899739583333333E+000  0.117920057828319E+001  0.000000000000000E+000  0.100000000000000E+001  0.117920057828319E+001  0.140001346166790E+001
 0.902343750000000E+000  0.118105250996963E+001  0.000000000000000E+000  0.100000000000000E+001  0.118105250996963E+001  0.140001346166790E+001
 0.904947916666667E+000  0.118165355191974E+001  0.000000000000000E+000  0.100000000000000E+001  0.118165355191974E+001  0.140001346166790E+001
 0.907552083333333E+000  0.118165355235420E+001  0.000000000000000E+000  0.100000000000000E+001  0.118165355235420E+001  0.140001346166790E+001
 0.910156250000000E+000  0.118105251127063E+001  0.000000000000000E+000  0.100000000000000E+001  0.118105251127063E+001  0.140001346166790E+001
 0.912760416666667E+000  0.117920058029205E+001  0.000000000000000E+000  0.100000000000000E+001  0.117920058029205E+001  0.140001346166790E+001
 0.915364583333333E+000  0.117530774602480E+001  0.000000000000000E+000  0.100000000000000E+001  0.117530774602480E+001  0.140001346166790E+001
 0.917968750000000E+000  0.116846652343576E+001  0.000000000000000E+000  0.100000000000000E+001  0.116846652343576E+001  0.140001346166790E+001
 0.920572916666667E+000  0.115775116874082E+001  0.000000000000000E+000  0.100000000000000E+001  0.115775116874082E+001  0.140001346166790E+001
 0.923177083333333E+000  0.114238161190989E+001  0.000000000000000E+000  0.100000000000000E+001  0.114238161190989E+001  0.140001346166790E+001
 0.925781250000000E+000  0.112198899888294E+001  0.000000000000000E+000  0.100000000000000E+001  0.112198899888294E+001  0.140001346166790E+001
 0.928385416666667E+000  0.109709274495289E+001  0.000000000000000E+000  0.100000000000000E+001  0.109709274495289E+001  0.140001346166790E+001
 0.930989583333333E+000  0.106950139158975E+001  0.000000000000000E+000  0.100000000000000E+001  0.106950139158975E+001  0.140001346166790E+001
 0.933593750000000E+000  0.104137202752897E+001  0.000000000000000E+000  0.100000000000000E+001  0.104137202752897E+001  0.140001346166790E+001
 0.936197916666667E+000  0.101361690113251E+001  0.000000000000000E+000  0.100000000000000E+001  0.101361690113251E+001  0.140001346166790E+001
 0.938802083333333E+000  0.985889458208960E+000  0.000000000000000E+000  0.100000000000000E+001  0.985889458208960E+000  0.140001346166790E+001
 0.941406250000000E+000  0.957512189308225E+000  0.000000000000000E+000  0.100000000000000E+001  0.957512189308225E+000  0.140001346166790E+001
 0.944010416666667E+000  0.928496526335089E+000  0.000000000000000E+000  0.100000000000000E+001  0.928496526335089E+000  0.140001346166790E+001
 0.946614583333333E+000  0.900472151037138E+000  0.000000000000000E+000  0.100000000000000E+001  0.900472151037138E+000  0.140001346166790E+001
 0.949218750000000E+000  0.875977315000900E+000  0.000000000000000E+000  0.100000000000000E+001  0.875977315000900E+000  0.140001346166790E+001
 0.951822916666667E+000  0.856517361860727E+000  0.000000000000000E+000  0.100000000000000E+001  0.856517361860727E+000  0.140001346166790E+001
 0.954427083333333E+000  0.842218801666911E+000  0.000000000000000E+000  0.100000000000000E+001  0.842218801666911E+000  0.140001346166790E+001
 0.957031250000000E+000  0.832488489561602E+000  0.000000000000000E+000  0.100000000000000E+001  0.832488489561602E+000  0.140001346166790E+001
 0.959635416666667E+000  0.826438322199914E+000  0.000000000000000E+000  0.100000000000000E+001  0.826438322199914E+000  0.140001346166790E+001
 0.962239583333333E+000  0.823105344220444E+000  0.000000000000000E+000  0.100000000000000E+001  0.823105344220444E+000  0.140001346166790E+001
 0.964843750000000E+000  0.821585334635449E+000  0.000000000000000E+000  0.100000000000000E+001  0.821585334635449E+000  0.140001346166790E+001
 0.967447916666667E+000  0.821102126072516E+000  0.000000000000000E+000  0.100000000000000E+001  0.821102126072516E+000  0.140001346166790E+001
 0.970052083333333E+000  0.821551941518773E+000  0.000000000000000E+000  0.100000000000000E+001  0.821551941518773E+000  0.140001346166790E+001
 0.972656250000000E+000  0.822927047849524E+000  0.000000000000000E+000  0.100000000000000E+001  0.822927047849524E+000  0.140001346166790E+001
 0.975260416666667E+000  0.826043608512174E+000  0.000000000000000E+000  0.100000000000000E+001  0.826043608512174E+000  0.140001346166790E+001
 0.977864583333333E+000  0.831953452206983E+000  0.000000000000000E+000  0.100000000000000E+001  0.831953452206983E+000  0.140001346166790E+001
 0.980468750000000E+000  0.841975800580321E+000  0.000000000000000E+000  0.100000000000000E+001  0.841975800580321E+000  0.140001346166790E+001
 0.983072916666667E+000  0.857702114525679E+000  0.000000000000000E+000  0.100000000000000E+001  0.857702114525679E+000  0.140001346166790E+001
 0.985677083333333E+000  0.879350641516738E+000  0.000000000000000E+000  0.100000000000000E+001  0.879350641516738E+000  0.140001346166790E+001
 0.988281250000000E+000  0.899990029674594E+000  0.000000000000000E+000  0.100000000000000E+001  0.899990029674594E+000  0.140001346166790E+001
 0.990885416666667E+000  0.913875365194960E+000  0.000000000000000E+000  0.100000000000000E+001  0.913875365194960E+000  0.140001346166790E+001
 0.993489583333333E+000  0.921857686258263E+000  0.000000000000000E+000  0.100000000000000E+001  0.921857686258263E+000  0.140001346166790E+001
 0.996093750000000E+000  0.925679851030171E+000  0.000000000000000E+000  0.100000000000000E+001  0.925679851030171E+000  0.140001346166790E+001
 0.998697916666667E+000  0.926924453040889E+000  0.000000000000000E+000  0.100000000000000E+001  0.926924453040889E+000  0.140001346166790E+001
